947 0 -176.67 3.79396 0.570088 -0.0211691 0.569695 0.592491 -0.164372 0.569234 
947 0 -176.67 3.79396 0.570088 -0.0211686 0.569695 0.592491 -0.164371 0.569234 
948 0 -176.671 3.79398 0.710634 -0.0439089 0.709276 0.731063 -0.186783 0.706799 
948 0 -176.671 3.79398 0.710634 -0.0439137 0.709275 0.731063 -0.186788 0.706798 
949 0 -176.671 3.79396 0.761939 -0.0943827 0.756071 0.782122 -0.230545 0.747371 
950 0 -176.671 3.79396 0.851469 -0.0666524 0.848857 0.948278 -0.17539 0.931917 
950 0 -176.671 3.79397 0.851469 -0.0666505 0.848857 0.948278 -0.175388 0.931917 
951 0 -176.671 3.79396 0.851469 -0.0666516 0.848857 0.948278 -0.175389 0.931917 
952 0 -176.671 3.79396 1.15342 -0.101491 1.14895 1.55851 -0.245867 1.53899 
952 0 -176.671 3.79396 1.15342 -0.101491 1.14895 1.55851 -0.245867 1.53899 
953 0 -176.671 3.79396 1.15342 -0.101486 1.14895 1.55851 -0.24586 1.539 
954 0 -176.671 3.79395 1.31043 -0.0116533 1.31038 1.82392 -0.150075 1.81774 
954 0 -176.671 3.79396 1.31043 -0.0116692 1.31038 1.82392 -0.150097 1.81773 
955 0 -176.671 3.79396 1.4463 0.00201402 1.4463 1.94424 -0.137851 1.93935 
956 0 -176.671 3.79395 1.41345 -0.00129253 1.41345 1.91998 -0.140318 1.91485 
956 0 -176.671 3.79395 1.41345 -0.00129209 1.41345 1.91998 -0.140318 1.91485 
957 0 -176.671 3.79394 1.54816 -0.0110572 1.54812 2.04262 -0.149186 2.03716 
957 0 -176.671 3.79394 1.54816 -0.0110753 1.54812 2.04262 -0.149209 2.03716 
958 0 -176.671 3.79393 1.46939 0.00433029 1.46939 1.96905 -0.135092 1.96441 
959 0 -176.671 3.79392 1.58525 -0.0441772 1.58463 2.18552 -0.223345 2.17408 
960 0 -176.671 3.79392 1.46669 -0.0561496 1.46562 2.07543 -0.234605 2.06212 
960 0 -176.671 3.79391 1.46669 -0.0561496 1.46562 2.07543 -0.234605 2.06212 
961 0 -176.671 3.7939 1.94008 -0.0686267 1.93886 2.44408 -0.247826 2.43149 
962 0 -176.671 3.7939 1.82776 -0.112013 1.82433 2.34659 -0.286642 2.32902 
962 0 -176.671 3.7939 1.82776 -0.112011 1.82433 2.34659 -0.286639 2.32902 
963 0 -176.671 3.79388 2.05471 0.0533439 2.05402 2.48945 0.00367108 2.48945 
964 0 -176.671 3.79387 2.03792 0.0332967 2.03765 2.53248 -0.0246277 2.53236 
964 0 -176.671 3.79387 2.03792 0.0332931 2.03765 2.53248 -0.0246322 2.53236 
965 0 -176.671 3.79385 2 -0.0391717 1.99962 2.4995 -0.0903504 2.49787 
966 0 -176.671 3.79384 2.14009 -0.061903 2.1392 2.7432 -0.129807 2.74013 
967 0 -176.671 3.79383 2.28944 -0.0886685 2.28772 3.14256 -0.199097 3.13624 
967 0 -176.671 3.79383 2.28944 -0.0886722 2.28772 3.14256 -0.199102 3.13624 
968 0 -176.671 3.79381 2.45037 -0.0539602 2.44977 3.2719 -0.168309 3.26756 
969 0 -176.671 3.7938 2.3584 -0.0817073 2.35699 3.09111 -0.223487 3.08302 
969 0 -176.671 3.7938 2.3584 -0.0817139 2.35699 3.09111 -0.223496 3.08302 
970 0 -176.671 3.79379 2.5807 0.0094592 2.58068 3.26491 -0.150776 3.26142 
971 0 -176.67 3.79447 2.28102 0.0443043 2.28059 2.65556 -0.0802958 2.65435 
972 0 -176.67 3.79447 2.48045 -0.0275705 2.48029 2.99053 -0.1989 2.9839 
972 0 -176.67 3.79447 2.48045 -0.0275918 2.48029 2.99053 -0.198926 2.9839 
973 0 -176.67 3.79447 2.32526 -0.0432252 2.32486 2.72013 -0.226412 2.71069 
974 0 -176.67 3.79447 2.64008 -0.0717141 2.6391 3.38977 -0.264649 3.37943 
975 0 -176.67 3.79448 2.8217 -0.053393 2.82119 3.69276 -0.233867 3.68535 
975 0 -176.67 3.79447 2.8217 -0.0533821 2.82119 3.69276 -0.233852 3.68535 
976 0 -176.67 3.79447 2.68688 -0.0436052 2.68653 3.57013 -0.224968 3.56303 
977 0 -176.67 3.79448 2.86613 -0.0857902 2.86485 3.93428 -0.274269 3.92471 
977 0 -176.67 3.79447 2.86613 -0.0857971 2.86485 3.93428 -0.274279 3.92471 
978 0 -176.67 3.79447 2.74986 -0.03729 2.7496 3.71969 -0.186026 3.71504 
979 0 -176.67 3.79446 3.37273 -0.118327 3.37065 4.70613 -0.313981 4.69564 
980 0 -176.67 3.79446 2.8728 -0.108534 2.87074 4.28741 -0.305773 4.2765 
981 0 -176.67 3.79445 3.17474 0.0140246 3.17471 4.72192 -0.126868 4.72021 
981 0 -176.67 3.79445 3.17474 0.0140276 3.17471 4.72192 -0.126863 4.72021 
982 0 -176.67 3.79445 2.93002 -0.0474313 2.92963 4.5275 -0.176053 4.52408 
983 0 -176.67 3.79445 3.35037 -0.115658 3.34838 5.1802 -0.281707 5.17253 
984 0 -176.67 3.79446 3.5 -0.0686314 3.49933 5.4172 -0.206713 5.41325 
985 0 -176.67 3.79446 3.3712 0.0239216 3.37112 5.19092 -0.0461418 5.19071 
985 0 -176.67 3.79444 3.3712 0.0239122 3.37112 5.19092 -0.0461563 5.19071 
986 0 -176.67 3.79443 3.22082 -0.059912 3.22026 4.75293 -0.0473716 4.75269 
987 0 -176.67 3.79441 3.1517 -0.0668495 3.15099 4.7822 -0.0670772 4.78173 
988 0 -176.67 3.79438 3.36271 0.00963524 3.3627 5.05753 0.0325239 5.05742 
989 0 -176.67 3.79438 3.14006 -0.081572 3.139 4.87918 -0.0402538 4.87902 
990 0 -176.67 3.79438 3.29014 -0.0345292 3.28996 5.13551 0.0396339 5.13536 
990 0 -176.67 3.79438 3.29014 -0.0345756 3.28996 5.13551 0.0395615 5.13536 
991 0 -176.67 3.79438 3.50913 -0.0309651 3.50899 5.1327 0.105031 5.13162 
992 0 -176.67 3.79439 3.71893 -0.0650643 3.71836 5.44133 0.0546354 5.44106 
993 0 -176.67 3.79439 3.26859 -0.0502438 3.26821 4.6514 0.0806562 4.65071 
993 0 -176.671 3.7943 3.26859 -0.0502394 3.26821 4.6514 0.0806625 4.65071 
994 0 -176.671 3.79429 3.6926 -0.109486 3.69098 4.79181 0.0190276 4.79177 
995 0 -176.671 3.79428 3.6926 -0.109478 3.69098 4.79181 0.0190378 4.79177 
996 0 -176.671 3.79426 3.7151 0.0167898 3.71506 4.83582 0.237868 4.82997 
996 0 -176.671 3.79427 3.7151 0.0167939 3.71506 4.83582 0.237873 4.82997 
997 0 -176.671 3.79426 3.7151 0.0167869 3.71506 4.83582 0.237864 4.82997 
998 0 -176.671 3.79424 3.72521 0.0141592 3.72518 4.73924 0.248732 4.73271 
999 0 -176.671 3.79423 3.99812 0.0317612 3.998 5.28058 0.283582 5.27296 
1000 0 -176.671 3.79416 3.69514 -0.0908024 3.69403 4.83037 0.104671 4.82924 
1000 0 -176.672 3.79414 3.69514 -0.0907969 3.69403 4.83037 0.104678 4.82924 
1001 0 -176.672 3.79412 3.89989 -0.120496 3.89803 5.00507 0.0791821 5.00444 
1002 0 -176.672 3.79407 3.40974 -0.040829 3.4095 4.23722 0.205082 4.23225 
1003 0 -176.672 3.79405 3.90457 -0.0794234 3.90376 5.07328 0.144193 5.07123 
1003 0 -176.672 3.79405 3.90457 -0.0794338 3.90376 5.07328 0.14418 5.07124 
1004 0 -176.672 3.79404 3.89525 -0.149238 3.89239 5.05157 0.0230943 5.05151 
1005 0 -176.672 3.79403 4.00765 -0.0273166 4.00756 5.30387 0.100331 5.30292 
1006 0 -176.672 3.79403 4.07141 0.0207884 4.07136 5.44886 0.175983 5.44602 
1007 0 -176.672 3.79402 3.93001 -0.0671133 3.92944 5.30337 0.0546875 5.30309 
1007 0 -176.672 3.79399 3.93001 -0.0671125 3.92944 5.30337 0.0546886 5.30309 
1008 0 -176.672 3.79396 4.06136 -0.127588 4.05936 5.40142 0.00893553 5.40141 
1009 0 -176.672 3.79393 4.42041 -0.146644 4.41797 5.96748 -0.0257975 5.96742 
1010 0 -176.672 3.7939 4.08044 -0.0199858 4.08039 5.79421 0.136006 5.79261 
1010 0 -176.672 3.79389 4.08044 -0.0199988 4.08039 5.79421 0.135988 5.79261 
1011 0 -176.672 3.79387 4.22173 -0.0979083 4.22059 5.78704 0.0892251 5.78635 
1012 0 -176.672 3.79384 4.64552 -0.115424 4.64408 6.52729 0.058597 6.52703 
1012 0 -176.672 3.79382 4.64552 -0.115431 4.64408 6.52729 0.0585874 6.52703 
1013 0 -176.672 3.79382 4.12235 -0.0661866 4.12182 6.15011 0.0964238 6.14935 
1014 0 -176.672 3.7938 4.19286 0.0463443 4.1926 6.25978 0.26317 6.25425 
1015 0 -176.672 3.79379 3.93001 -0.0671232 3.92944 5.79892 0.0666729 5.79854 
1016 0 -176.672 3.79379 4.70577 -0.154812 4.70323 6.93156 -0.0616944 6.93128 
1016 0 -176.672 3.79442 4.70577 -0.154822 4.70323 6.93156 -0.061709 6.93128 
1017 0 -176.672 3.79441 4.07269 -0.0711814 4.07207 6.0482 0.0553494 6.04794 
1018 0 -176.672 3.79439 4.17714 -0.0740933 4.17648 6.15816 0.0458074 6.15799 
1019 0 -176.672 3.79437 4.30385 -0.0982114 4.30273 6.34783 0.00954368 6.34782 
1019 0 -176.672 3.79436 4.30385 -0.0982119 4.30273 6.34783 0.00954298 6.34782 
1020 0 -176.672 3.79434 4.57269 -0.0809914 4.57197 6.559 0.0248568 6.55895 
1021 0 -176.672 3.79433 4.74042 -0.0690524 4.73992 6.83851 0.0447266 6.83837 
1022 0 -176.672 3.79432 4.09543 -0.0774713 4.0947 5.75874 0.0306405 5.75866 
1022 0 -176.672 3.7943 4.09543 -0.0774678 4.0947 5.75874 0.0306455 5.75866 
1023 0 -176.672 3.79429 4.44568 -0.134359 4.44365 6.00813 -0.0100443 6.00812 
1024 0 -176.672 3.79428 4.55289 -0.110024 4.55156 6.36302 0.030823 6.36295 
1025 0 -176.672 3.79427 4.5 -0.0883672 4.49913 6.25924 0.0626764 6.25892 
1025 0 -176.672 3.79425 4.5 -0.0884221 4.49913 6.25924 0.0626001 6.25892 
1026 0 -176.672 3.79425 4.43001 -0.0770527 4.42934 6.12674 0.0842304 6.12616 
1027 0 -176.672 3.79424 5.079 -0.0718913 5.07849 7.32256 0.0380577 7.32246 
1028 0 -176.672 3.79422 4.57001 -0.0998368 4.56892 6.50011 -0.0070389 6.50011 
1028 0 -176.672 3.79421 4.57001 -0.0998419 4.56892 6.50011 -0.00704615 6.50011 
1029 0 -176.672 3.7942 4.81116 -0.191172 4.80736 6.62069 -0.143557 6.61913 
1030 0 -176.672 3.79417 4.4585 -0.0791944 4.4578 6.31614 -0.0464515 6.31597 
1030 0 -176.672 3.79416 4.4585 -0.0791875 4.4578 6.31614 -0.0464416 6.31597 
1031 0 -176.672 3.79414 4.4421 -0.0206803 4.44206 5.91459 0.0182916 5.91456 
1032 0 -176.672 3.79411 4.35599 -0.0293473 4.35589 5.83881 0.0106711 5.8388 
1033 0 -176.672 3.79411 5.06063 -0.179484 5.05745 7.18009 -0.226322 7.17652 
1033 0 -176.673 3.7941 5.06063 -0.179521 5.05745 7.18009 -0.226375 7.17652 
1034 0 -176.673 3.79409 5.20096 -0.202284 5.19703 7.29144 -0.244456 7.28734 
1035 0 -176.673 3.79408 4.65925 -0.0455475 4.65903 6.61373 0.0183527 6.61371 
1036 0 -176.673 3.79406 4.88779 -0.0827506 4.88709 6.95037 -0.0365471 6.95027 
1036 0 -176.673 3.79405 4.88779 -0.0827678 4.88709 6.95037 -0.0365717 6.95027 
1037 0 -176.673 3.79402 4.78221 -0.0700351 4.7817 6.51422 -0.0402144 6.51409 
1038 0 -176.673 3.794 5.29144 -0.0421242 5.29127 7.54961 0.00337293 7.54961 
1038 0 -176.673 3.79399 5.29144 -0.0421131 5.29127 7.54961 0.00338881 7.54961 
1039 0 -176.673 3.79398 4.81812 -0.0295812 4.81803 7.16328 0.0136249 7.16327 
1040 0 -176.672 3.79624 5.0551 -0.0977811 5.05415 7.59097 -0.104598 7.59025 
1041 0 -176.672 3.79626 5.0551 -0.0977959 5.05415 7.59097 -0.104621 7.59025 
1041 0 -176.672 3.7963 5.0551 -0.0978426 5.05415 7.59097 -0.104691 7.59025 
1042 0 -176.672 3.79633 5.23116 0.00702221 5.23115 7.82327 -0.0199949 7.82325 
1043 0 -176.672 3.79638 4.87083 -0.00584958 4.87083 7.1215 -0.0450867 7.12136 
1043 0 -176.672 3.7964 4.87083 -0.00589784 4.87083 7.1215 -0.0451572 7.12136 
1044 0 -176.672 3.79643 5.39209 -0.0872547 5.39139 7.53125 -0.153086 7.5297 
2 -176.672 3.79643 0 -0 0 0 -0 0 
1045 0 -176.672 3.79645 5.39209 -0.0872113 5.39139 7.53125 -0.153025 7.5297 
1045 0 -176.672 3.79648 5.39209 -0.0871965 5.39139 7.53125 -0.153004 7.5297 
1046 0 -176.672 3.79651 4.95936 -0.0203405 4.95932 6.52222 -0.0515449 6.52201 
1047 0 -176.672 3.79653 5.22015 -0.0627961 5.21978 7.02904 -0.133985 7.02776 
1047 0 -176.672 3.79655 5.22015 -0.0628324 5.21978 7.02904 -0.134034 7.02776 
1048 0 -176.672 3.79658 5.00728 -0.0106587 5.00727 6.84179 -0.0912362 6.84118 
1049 0 -176.672 3.7966 5.82652 -0.00187954 5.82652 8.2857 -0.0757575 8.28536 
1049 0 -176.672 3.79663 5.82652 -0.00185815 5.82652 8.2857 -0.075727 8.28536 
1050 0 -176.672 3.79665 5.41894 -0.0428899 5.41877 7.94685 -0.109892 7.94609 
1051 0 -176.672 3.79667 5.57904 -0.123816 5.57766 8.32714 -0.301187 8.32169 
1051 0 -176.672 3.7967 5.57904 -0.123805 5.57766 8.32714 -0.301171 8.32169 
1052 0 -176.672 3.79673 4.80608 -0.08615 4.80531 6.88295 -0.230842 6.87907 
1053 0 -176.672 3.79676 5.29009 -0.0742854 5.28956 8.05689 -0.235195 8.05346 
1054 0 -176.672 3.79679 5.05581 -0.143279 5.05378 7.60334 -0.369551 7.59435 
1054 0 -176.672 3.7968 5.05581 -0.143256 5.05378 7.60334 -0.369516 7.59435 
1055 0 -176.672 3.79683 5.68687 -0.103069 5.68594 7.9747 -0.312191 7.96859 
1056 0 -176.672 3.79686 5.41567 -0.130409 5.4141 7.76165 -0.333733 7.75447 
1056 0 -176.672 3.79688 5.41567 -0.130437 5.4141 7.76165 -0.333774 7.75447 
1057 0 -176.672 3.79689 5.10088 -0.101903 5.09987 6.8393 -0.310619 6.83224 
1058 0 -176.672 3.79693 5.48179 -0.248074 5.47617 7.54706 -0.579592 7.52477 
1058 0 -176.672 3.79695 5.48179 -0.248043 5.47617 7.54706 -0.579549 7.52477 
1059 0 -176.672 3.79696 5.07573 -0.191765 5.07211 6.83534 -0.481163 6.81838 
1060 0 -176.672 3.79698 5.68531 -0.0898349 5.6846 8.0046 -0.284578 7.99954 
1060 0 -176.672 3.79701 5.68531 -0.0898465 5.6846 8.0046 -0.284595 7.99954 
1061 0 -176.672 3.79703 5.16048 -0.137764 5.15865 7.52426 -0.328541 7.51708 
1062 0 -176.672 3.79703 5.41611 -0.172259 5.41337 8.05403 -0.399914 8.0441 
1062 0 -176.672 3.79705 5.41611 -0.172248 5.41337 8.05403 -0.399899 8.0441 
1063 0 -176.672 3.7976 4.74387 -0.137938 4.74186 7.40484 -0.366782 7.39575 
1063 0 -176.672 3.79764 4.74387 -0.137942 4.74186 7.40484 -0.366789 7.39575 
1064 0 -176.672 3.79768 5.49121 -0.146266 5.48926 8.11531 -0.374715 8.10666 
1064 0 -176.672 3.79771 5.49121 -0.14627 5.48926 8.11531 -0.37472 8.10666 
1065 0 -176.672 3.79775 5.41567 -0.130492 5.4141 8.08154 -0.358745 8.07357 
1066 0 -176.672 3.79778 5.2068 -0.106128 5.20571 7.69301 -0.317515 7.68645 
1066 0 -176.672 3.79782 5.2068 -0.106124 5.20571 7.69301 -0.31751 7.68645 
1067 0 -176.672 3.79784 5.45735 -0.0894289 5.45662 7.94747 -0.29847 7.94186 
1067 0 -176.672 3.79789 5.45735 -0.0894199 5.45662 7.94747 -0.298457 7.94187 
1068 0 -176.672 3.79791 4.80064 -0.0818513 4.79994 6.65025 -0.299264 6.64351 
1069 0 -176.672 3.79793 5.45321 -0.136563 5.4515 8.24397 -0.432717 8.23261 
1069 0 -176.672 3.79797 5.45321 -0.136572 5.4515 8.24397 -0.43273 8.23261 
1070 0 -176.672 3.79801 5.2929 -0.0556754 5.29261 7.86072 -0.241476 7.85701 
1070 0 -176.672 3.79804 5.2929 -0.0556847 5.29261 7.86072 -0.241489 7.85701 
1071 0 -176.672 3.79808 5.71613 -0.0364268 5.71602 8.25662 -0.223439 8.25359 
1072 0 -176.672 3.79811 5.09225 -0.025557 5.09219 6.97129 -0.201043 6.96839 
1072 0 -176.672 3.79814 5.09225 -0.0255624 5.09219 6.97129 -0.20105 6.96839 
1073 0 -176.672 3.79816 5.66748 -0.0511986 5.66725 7.51141 -0.22511 7.50804 
1074 0 -176.673 3.7982 4.80733 -0.0541838 4.80702 6.80105 -0.227551 6.79724 
1074 0 -176.673 3.79823 4.80733 -0.0541988 4.80702 6.80105 -0.227572 6.79724 
1075 0 -176.673 3.79826 5.31666 -0.0262935 5.31659 7.31863 -0.199165 7.31592 
1075 0 -176.673 3.79829 5.31666 -0.0263089 5.31659 7.31863 -0.199186 7.31591 
1076 0 -176.673 3.79832 4.99535 -0.0586209 4.99501 7.01656 -0.229638 7.0128 
1076 0 -176.673 3.79835 4.99535 -0.0586335 4.99501 7.01656 -0.229655 7.0128 
1077 0 -176.673 3.79839 4.61953 0.0874548 4.6187 6.32039 0.0392062 6.32027 
1078 0 -176.673 3.7984 5.00317 0.10268 5.00211 7.23905 0.0756646 7.23865 
2 -176.673 3.7984 0 -0 0 0 -0 0 
1078 0 -176.673 3.79843 5.00317 0.102651 5.00212 7.23905 0.0756215 7.23865 
2 -176.673 3.79843 0 -0 0 0 -0 0 
1079 0 -176.673 3.79846 4.38963 0.000708047 4.38963 6.0587 -0.120976 6.05749 
1 -176.673 3.79846 0 -0 0 0 -0 0 
1079 0 -176.673 3.79849 4.38963 0.000702714 4.38963 6.0587 -0.120984 6.05749 
1 -176.673 3.79849 0 -0 0 0 -0 0 
1080 0 -176.673 3.79852 4.66126 -0.0792823 4.66059 6.32264 -0.198327 6.31953 
1 -176.673 3.79852 0.254951 0.186609 0.173715 4.68453 3.4288 3.19189 
1081 0 -176.673 3.79854 4.40609 -0.0447185 4.40586 5.7939 -0.12686 5.79251 
1 -176.673 3.79854 0.254951 0.186611 0.173713 2.34227 1.71442 1.59592 
1081 0 -176.673 3.79857 4.40609 -0.0447343 4.40586 5.7939 -0.126881 5.79251 
1 -176.673 3.79857 0.254951 0.186611 0.173714 2.34227 1.71442 1.59593 
1082 0 -176.673 3.7986 4.6443 -0.10616 4.64309 6.02868 -0.187289 6.02577 
1 -176.673 3.7986 0.462518 0.22799 0.402422 2.85528 1.40062 2.48815 
1082 0 -176.673 3.79862 4.6443 -0.106141 4.64309 6.02868 -0.187264 6.02577 
1 -176.673 3.79862 0.462518 0.227992 0.402421 2.85528 1.40063 2.48815 
1083 0 -176.673 3.79865 3.89692 -0.0978381 3.89569 5.31788 -0.179368 5.31486 
1 -176.673 3.79865 0.462518 0.227992 0.402421 2.14146 1.05047 1.86611 
1084 0 -176.673 3.79867 3.89692 -0.0978259 3.89569 5.31788 -0.179351 5.31486 
1 -176.673 3.79867 0.659944 0.248976 0.611176 3.47559 1.02417 3.32127 
1084 0 -176.673 3.79868 3.89692 -0.0978484 3.89569 5.31788 -0.179382 5.31486 
1 -176.673 3.79868 0.659944 0.248973 0.611178 3.47559 1.02415 3.32128 
1085 0 -176.671 3.79793 3.89692 -0.0978621 3.89569 5.31788 -0.179401 5.31486 
1 -176.671 3.79793 0.659944 0.248971 0.611179 2.89633 0.853445 2.76773 
1085 0 -176.671 3.79794 3.89692 -0.0978678 3.89569 5.31788 -0.179408 5.31486 
1 -176.671 3.79794 0.659944 0.24897 0.611179 2.89633 0.853441 2.76773 
1086 0 -176.671 3.79794 3.89692 -0.0978681 3.89569 5.31788 -0.179409 5.31486 
1 -176.671 3.79794 0.659944 0.24897 0.611179 2.48257 0.731521 2.37234 
1087 0 -176.671 3.79795 3.89692 -0.0978914 3.89569 5.31788 -0.179441 5.31486 
1 -176.671 3.79795 0.754177 0.20401 0.726059 2.69202 0.411291 2.66042 
3 -176.671 3.79795 0 -0 0 0 -0 0 
1087 0 -176.671 3.79797 3.89692 -0.0979085 3.89569 5.31788 -0.179464 5.31486 
1 -176.671 3.79797 0.754177 0.204007 0.72606 2.69202 0.411279 2.66042 
3 -176.671 3.79797 0 -0 0 0 -0 0 
1088 0 -176.671 3.79797 3.89692 -0.0979369 3.89569 5.31788 -0.179503 5.31485 
1 -176.671 3.79797 0.754177 0.204002 0.726062 2.39291 0.365564 2.36482 
2 -176.671 3.79797 0 -0 0 0 -0 0 
1089 0 -176.671 3.79798 3.89692 -0.0979528 3.89569 5.31788 -0.179524 5.31485 
1 -176.671 3.79798 1.17329 0.246311 1.14715 3.77465 0.491202 3.74256 
2 -176.671 3.79798 0.276557 -0.0257071 0.27536 10.6018 -0.985475 10.5559 
1089 0 -176.671 3.79799 3.89692 -0.0979432 3.89569 5.31788 -0.179511 5.31485 
1 -176.671 3.79799 1.17329 0.246314 1.14715 3.77465 0.491211 3.74256 
2 -176.671 3.79799 0.276557 -0.0257064 0.27536 10.6018 -0.985449 10.5559 
1090 0 -176.671 3.798 3.89692 -0.0979455 3.89569 5.31788 -0.179514 5.31485 
1 -176.671 3.798 1.17329 0.246313 1.14715 3.4315 0.446554 3.40232 
2 -176.671 3.798 0.276557 -0.0257066 0.27536 5.30088 -0.492727 5.27793 
1090 0 -176.671 3.79801 3.89692 -0.0979208 3.89569 5.31788 -0.179481 5.31486 
1 -176.671 3.79801 1.17329 0.246321 1.14715 3.4315 0.446575 3.40232 
2 -176.671 3.79801 0.276557 -0.0257048 0.27536 5.30088 -0.492694 5.27793 
1091 0 -176.671 3.79802 3.89692 -0.0979412 3.89569 5.31788 -0.179508 5.31485 
1 -176.671 3.79802 1.39084 0.205552 1.37557 3.48041 0.347924 3.46298 
2 -176.671 3.79802 0.502685 -0.0398086 0.501106 4.8967 -0.413477 4.87921 
1092 0 -176.671 3.79803 3.89692 -0.0979655 3.89569 5.31788 -0.179542 5.31485 
1 -176.671 3.79803 1.39084 0.205543 1.37557 3.21269 0.321141 3.1966 
2 -176.671 3.79803 0.502685 -0.0398117 0.501106 3.67252 -0.310131 3.6594 
1092 0 -176.671 3.79804 3.89692 -0.0979435 3.89569 5.31788 -0.179512 5.31485 
1 -176.671 3.79804 1.39084 0.205551 1.37557 3.21269 0.321159 3.1966 
2 -176.671 3.79804 0.502685 -0.0398089 0.501106 3.67252 -0.31011 3.65941 
1093 0 -176.671 3.79805 3.89692 -0.0979382 3.89569 5.31788 -0.179504 5.31485 
1 -176.671 3.79805 1.39084 0.205553 1.37557 3.21269 0.321163 3.1966 
2 -176.671 3.79805 0.753128 -0.037901 0.752174 3.7678 -0.24176 3.76003 
1094 0 -176.671 3.79805 3.89692 -0.0979368 3.89569 5.31788 -0.179503 5.31485 
1 -176.671 3.79805 1.39084 0.205553 1.37557 3.21269 0.321164 3.1966 
2 -176.671 3.79805 0.753128 -0.0379007 0.752174 3.13983 -0.201465 3.13336 
1094 0 -176.671 3.79806 3.89692 -0.0979261 3.89569 5.31788 -0.179488 5.31486 
1 -176.671 3.79806 1.39084 0.205557 1.37557 3.21269 0.321173 3.1966 
2 -176.671 3.79806 0.753128 -0.0378987 0.752174 3.13983 -0.201457 3.13336 
1095 0 -176.671 3.79807 3.89692 -0.0978803 3.89569 5.31788 -0.179425 5.31486 
1 -176.671 3.79807 1.39084 0.205573 1.37557 3.21269 0.32121 3.19659 
2 -176.671 3.79807 1.00224 -0.0496682 1.00101 3.27917 -0.200445 3.27304 
1096 0 -176.671 3.79807 3.89692 -0.0978964 3.89569 5.31788 -0.179447 5.31486 
1 -176.671 3.79807 1.39084 0.205567 1.37557 3.21269 0.321197 3.19659 
2 -176.671 3.79807 1.19414 0.0334064 1.19367 3.89321 0.264578 3.88421 
1096 0 -176.671 3.79807 3.89692 -0.097904 3.89569 5.31788 -0.179458 5.31486 
1 -176.671 3.79807 1.39084 0.205565 1.37557 3.21269 0.321191 3.19659 
2 -176.671 3.79807 1.19414 0.0334041 1.19367 3.89321 0.264571 3.88421 
1097 0 -176.671 3.79809 3.89692 -0.0978882 3.89569 5.31788 -0.179436 5.31486 
1 -176.671 3.79809 1.39084 0.20557 1.37557 3.21269 0.321204 3.19659 
2 -176.671 3.79809 1.52814 -0.0532873 1.52721 4.07764 0.0729032 4.07699 
1098 0 -176.671 3.79809 3.89692 -0.0978939 3.89569 5.31788 -0.179444 5.31486 
1 -176.671 3.79809 1.39084 0.205568 1.37557 3.21269 0.321199 3.19659 
2 -176.671 3.79809 1.81255 -0.0246306 1.81238 4.81333 0.180243 4.80996 
1098 0 -176.67 3.79809 3.89692 -0.0978987 3.89569 5.31788 -0.17945 5.31486 
1 -176.67 3.79809 1.39084 0.205567 1.37557 3.21269 0.321195 3.19659 
2 -176.67 3.79809 1.81255 -0.0246328 1.81238 4.81333 0.180237 4.80996 
1099 0 -176.67 3.79809 3.89692 -0.0979051 3.89569 5.31788 -0.179459 5.31486 
1 -176.67 3.79809 1.39084 0.205564 1.37557 3.21269 0.32119 3.19659 
2 -176.67 3.79809 2.04279 -0.0333665 2.04252 4.76771 0.148947 4.76538 
1099 0 -176.67 3.7981 3.89692 -0.0979043 3.89569 5.31788 -0.179458 5.31486 
1 -176.67 3.7981 1.39084 0.205565 1.37557 3.21269 0.321191 3.19659 
2 -176.67 3.7981 2.04279 -0.033366 2.04252 4.76771 0.148948 4.76538 
1100 0 -176.67 3.7981 1.39084 0.205563 1.37557 3.21269 0.321188 3.19659 
1 -176.67 3.7981 2.26326 0.00228133 2.26326 4.68793 0.18755 4.68418 
1101 0 -176.67 3.79811 1.39084 0.205566 1.37557 3.21269 0.321193 3.19659 
1 -176.67 3.79811 2.26326 0.00228503 2.26326 4.32732 0.17313 4.32385 
1101 0 -176.67 3.79812 1.39084 0.205572 1.37557 3.21269 0.321209 3.19659 
1 -176.67 3.79812 2.26326 0.00229572 2.26326 4.32732 0.173151 4.32385 
1102 0 -176.67 3.79812 1.39084 0.205568 1.37557 3.21269 0.321199 3.19659 
1 -176.67 3.79812 3.00024 -0.0758182 2.99928 4.90714 0.0661441 4.90669 
1103 0 -176.67 3.79812 1.39084 0.205567 1.37557 3.21269 0.321196 3.19659 
1 -176.67 3.79812 3.00024 -0.0758211 2.99928 4.57999 0.0617301 4.57958 
1103 0 -176.67 3.79812 1.39084 0.205571 1.37557 3.21269 0.321205 3.19659 
1 -176.67 3.79812 3.00024 -0.0758123 2.99928 4.57999 0.0617436 4.57958 
1104 0 -176.67 3.79812 3.42315 -0.0565927 3.42268 4.73667 0.0779751 4.73602 
1105 0 -176.67 3.79812 3.42315 -0.0566088 3.42268 4.45804 0.0733672 4.45743 
1105 0 -176.67 3.79811 3.42315 -0.0565837 3.42268 4.45804 0.0734 4.45743 
1106 0 -176.67 3.79812 3.83558 -0.0617805 3.83508 4.59024 0.0645342 4.58978 
1107 0 -176.67 3.79812 3.83558 -0.0617985 3.83508 4.34865 0.0611172 4.34822 
1107 0 -176.67 3.79812 3.83558 -0.0617985 3.83508 4.34865 0.0611172 4.34822 
1108 0 -176.67 3.79811 4.16654 0.0248678 4.16647 4.35144 0.168791 4.34817 
1109 0 -176.671 3.79696 4.16654 0.0248848 4.16647 4.35144 0.168809 4.34817 
1109 0 -176.671 3.79693 4.16654 0.0248887 4.16647 4.35144 0.168813 4.34817 
1110 0 -176.671 3.79691 4.32251 0.0772642 4.32182 4.47676 0.216195 4.47154 
1111 0 -176.671 3.79687 4.68611 0.0537605 4.6858 5.19364 0.169722 5.19086 
1111 0 -176.671 3.79685 4.68611 0.0537664 4.6858 5.19364 0.169729 5.19086 
1112 0 -176.671 3.79682 4.43504 0.0518344 4.43473 4.97462 0.168037 4.97178 
1113 0 -176.671 3.79679 4.6563 0.087479 4.65548 5.41613 0.238939 5.41085 
1113 0 -176.671 3.79676 4.6563 0.0874977 4.65548 5.41613 0.238961 5.41085 
1114 0 -176.671 3.79673 4.40776 0.0992589 4.40665 5.20045 0.249182 5.19448 
2 -176.671 3.79673 0 -0 0 0 -0 0 
1114 0 -176.671 3.79671 4.40776 0.0992468 4.40665 5.20045 0.249167 5.19448 
2 -176.671 3.79671 0 -0 0 0 -0 0 
1115 0 -176.671 3.79668 4.53777 0.00879616 4.53776 5.08605 0.0566094 5.08574 
1 -176.671 3.79668 0 -0 0 0 -0 0 
1115 0 -176.67 3.79664 4.53777 0.00882044 4.53776 5.08605 0.0566366 5.08574 
1 -176.67 3.79664 0 -0 0 0 -0 0 
1116 0 -176.67 3.79662 4.2053 0.0955219 4.20421 4.79185 0.133514 4.78999 
1 -176.67 3.79662 0 -0 0 0 -0 0 
1117 0 -176.67 3.7966 4.03701 0.185519 4.03275 4.50732 0.387313 4.49065 
1 -176.67 3.7966 0 -0 0 0 -0 0 
3 -176.67 3.7966 0 -0 0 0 -0 0 
1117 0 -176.67 3.79658 4.03701 0.185535 4.03275 4.50732 0.38733 4.49065 
1 -176.67 3.79658 0 -0 0 0 -0 0 
3 -176.67 3.79658 0 -0 0 0 -0 0 
1118 0 -176.67 3.79652 3.80757 0.194281 3.80261 4.28165 0.395973 4.2633 
1 -176.67 3.79652 0 -0 0 0 -0 0 
2 -176.67 3.79652 0 -0 0 0 -0 0 
1118 0 -176.67 3.7965 3.80757 0.194281 3.80261 4.28165 0.395972 4.2633 
1 -176.67 3.7965 0 -0 0 0 -0 0 
2 -176.67 3.7965 0 -0 0 0 -0 0 
1119 0 -176.67 3.79648 3.80757 0.194244 3.80261 4.28165 0.395932 4.26331 
1 -176.67 3.79648 0 -0 0 0 -0 0 
2 -176.67 3.79648 0.123205 -0.0506249 0.112324 2.34918 -0.965278 2.1417 
1120 0 -176.67 3.79644 3.80757 0.194243 3.80261 4.28165 0.395929 4.26331 
1 -176.67 3.79644 0 -0 0 0 -0 0 
2 -176.67 3.79644 0.123205 -0.050625 0.112324 1.17459 -0.482639 1.07085 
1120 0 -176.67 3.79642 3.80757 0.194248 3.80261 4.28165 0.395936 4.2633 
1 -176.67 3.79642 0 -0 0 0 -0 0 
2 -176.67 3.79642 0.123205 -0.0506248 0.112324 1.17459 -0.482638 1.07085 
1121 0 -176.67 3.79638 3.80757 0.194214 3.80262 4.28165 0.395898 4.26331 
1 -176.67 3.79638 0 -0 0 0 -0 0 
2 -176.67 3.79638 0.469093 -0.0754988 0.462977 3.01866 -0.482496 2.97985 
1121 0 -176.67 3.79636 3.80757 0.194192 3.80262 4.28165 0.395873 4.26331 
1 -176.67 3.79636 0 -0 0 0 -0 0 
2 -176.67 3.79636 0.469093 -0.0755015 0.462977 3.01866 -0.482513 2.97985 
1122 0 -176.67 3.79632 3.80757 0.194173 3.80262 4.28165 0.395851 4.26331 
1 -176.67 3.79632 0 -0 0 0 -0 0 
2 -176.67 3.79632 0.469093 -0.0755038 0.462977 2.264 -0.361896 2.23488 
1122 0 -176.67 3.79629 3.80757 0.194179 3.80262 4.28165 0.395859 4.26331 
1 -176.67 3.79629 0 -0 0 0 -0 0 
2 -176.67 3.79629 0.469093 -0.075503 0.462977 2.264 -0.361892 2.23489 
1123 0 -176.67 3.79625 3.80757 0.194185 3.80262 4.28165 0.395865 4.26331 
1 -176.67 3.79625 0 -0 0 0 -0 0 
2 -176.67 3.79625 0.469093 -0.0755023 0.462977 1.8112 -0.289511 1.78791 
1123 0 -176.67 3.79622 3.80757 0.194176 3.80262 4.28165 0.395855 4.26331 
1 -176.67 3.79622 0 -0 0 0 -0 0 
2 -176.67 3.79622 0.469093 -0.0755034 0.462977 1.8112 -0.289515 1.78791 
1124 0 -176.67 3.79618 3.80757 0.194157 3.80262 4.28165 0.395834 4.26331 
1 -176.67 3.79618 0 -0 0 0 -0 0 
2 -176.67 3.79618 0.469093 -0.0755057 0.462976 1.50933 -0.24127 1.48992 
1125 0 -176.67 3.79613 3.80757 0.194166 3.80262 4.28165 0.395844 4.26331 
1 -176.67 3.79613 0 -0 0 0 -0 0 
2 -176.67 3.79613 0.469093 -0.0755046 0.462976 1.29371 -0.2068 1.27708 
1125 0 -176.67 3.79611 3.80757 0.194163 3.80262 4.28165 0.395841 4.26331 
1 -176.67 3.79611 0 -0 0 0 -0 0 
2 -176.67 3.79611 0.469093 -0.075505 0.462976 1.29371 -0.206801 1.27708 
1126 0 -176.67 3.79606 3.80757 0.194137 3.80262 4.28165 0.395812 4.26332 
1 -176.67 3.79606 0 -0 0 0 -0 0 
2 -176.67 3.79606 0.693398 -0.00210715 0.693395 1.63737 -0.0153545 1.6373 
1127 0 -176.67 3.79603 3.80757 0.19414 3.80262 4.28165 0.395814 4.26332 
1 -176.67 3.79603 0 -0 0 0 -0 0 
2 -176.67 3.79603 0.693398 -0.00210678 0.693395 1.45544 -0.0136477 1.45538 
1127 0 -176.67 3.79598 3.80757 0.194114 3.80262 4.28165 0.395785 4.26332 
1 -176.67 3.79598 0 -0 0 0 -0 0 
2 -176.67 3.79598 0.693398 -0.00211148 0.693395 1.45544 -0.0136575 1.45538 
1128 0 -176.67 3.79592 3.80757 0.194107 3.80262 4.28165 0.395777 4.26332 
1 -176.67 3.79592 0.903489 -0.0362606 0.902761 1.64033 -0.0659815 1.63901 
1129 0 -176.67 3.79589 3.80757 0.194091 3.80262 4.28165 0.395759 4.26332 
1 -176.67 3.79589 0.903489 -0.0362643 0.902761 1.49121 -0.0599894 1.49001 
1129 0 -176.67 3.79585 3.80757 0.194132 3.80262 4.28165 0.395806 4.26332 
1 -176.67 3.79585 0.903489 -0.0362544 0.902761 1.49121 -0.0599731 1.49001 
1130 0 -176.67 3.79583 3.80757 0.194139 3.80262 4.28165 0.395813 4.26332 
1 -176.67 3.79583 0.903489 -0.0362529 0.902761 1.49121 -0.0599706 1.49001 
1131 0 -176.67 3.7958 3.80757 0.194146 3.80262 4.28165 0.395822 4.26332 
1 -176.67 3.7958 0.903489 -0.0362511 0.902761 1.49121 -0.0599676 1.49001 
1131 0 -176.671 3.79594 3.80757 0.194137 3.80262 4.28165 0.395812 4.26332 
1 -176.671 3.79594 0.903489 -0.0362533 0.902761 1.49121 -0.0599711 1.49001 
1132 0 -176.671 3.79588 3.80757 0.194152 3.80262 4.28165 0.395828 4.26331 
1 -176.671 3.79588 0.903489 -0.0362498 0.902761 1.49121 -0.0599653 1.49001 
1133 0 -176.671 3.79581 3.80757 0.194157 3.80262 4.28165 0.395834 4.26331 
1 -176.671 3.79581 0.903489 -0.0362485 0.902761 1.49121 -0.0599633 1.49001 
1133 0 -176.671 3.79578 3.80757 0.194163 3.80262 4.28165 0.39584 4.26331 
1 -176.671 3.79578 0.903489 -0.0362473 0.902761 1.49121 -0.0599612 1.49001 
1134 0 -176.671 3.79571 3.80757 0.194117 3.80262 4.28165 0.395789 4.26332 
1 -176.671 3.79571 0.903489 -0.0362581 0.902761 1.49121 -0.0599792 1.49001 
1135 0 -176.671 3.79567 0.903489 -0.0362561 0.902761 1.49121 -0.0599758 1.49001 
1135 0 -176.671 3.79561 0.903489 -0.0362592 0.902761 1.49121 -0.059981 1.49001 
1136 0 -176.671 3.79556 0.903489 -0.0362646 0.902761 1.49121 -0.0599898 1.49001 
1136 0 -176.671 3.79548 0.903489 -0.0362662 0.90276 1.49121 -0.0599925 1.49001 
1137 0 -176.671 3.79544 0.903489 -0.036267 0.90276 1.49121 -0.0599938 1.49001 
1138 0 -176.671 3.7954 0.903489 -0.0362614 0.902761 1.49121 -0.0599846 1.49001 
1138 0 -176.671 3.79535 0.903489 -0.0362518 0.902761 1.49121 -0.0599688 1.49001 
1139 1140 1140 1141 1141 1142 1143 1143 1144 1145 1145 1146 1146 1147 1148 1148 1149 1150 1150 1151 1151 1152 1153 1153 1154 1154 1155 1156 1156 1157 1158 1158 1159 1159 1160 1161 1161 1162 1162 1163 1164 1164 1165 1165 1166 1167 1167 1168 1169 1169 1170 1170 1171 1172 1172 1173 1173 1174 1175 1175 1176 1176 1177 1178 1178 1179 1179 1180 1181 1181 1182 1182 1183 1184 1184 1185 1186 1186 1187 1187 1188 1189 1189 1190 1190 1191 1192 1192 1193 1193 1194 1195 1195 1196 1196 1197 1198 1198 1199 1200 1200 1201 1202 1202 1203 1203 1204 1205 1205 1206 1207 1207 1208 1208 1209 1210 1210 1211 1212 1212 1213 1213 1214 1214 1215 1216 1216 1217 1217 1218 1218 1219 1220 1220 1221 1222 1222 1223 1223 1224 1224 1225 1226 1226 1227 1227 1228 1229 1229 1230 1230 1231 1231 1232 1233 1233 1234 1234 1235 1236 1236 1237 1237 1238 1238 1239 1240 1240 1241 1241 1242 1242 1243 1244 1244 1245 1245 1246 1247 1247 1248 1248 1249 1250 1250 1251 1251 1252 1252 1253 1254 1254 1255 1255 