1528 0 -176.676 3.78363 0.18804 0.0416606 0.183367 0.314213 0.0993532 0.298092 
1528 0 -176.676 3.7836 0.18804 0.0416606 0.183367 0.314213 0.0993531 0.298092 
1529 0 -176.676 3.78353 0.18804 0.0416604 0.183367 0.314213 0.0993527 0.298092 
1530 0 -176.676 3.7835 0.141421 -0.0228263 0.139567 0.257986 0.0364875 0.255393 
1530 0 -176.676 3.78346 0.141421 -0.0228265 0.139567 0.257986 0.036487 0.255393 
1531 0 -176.676 3.7834 0.141421 -0.022827 0.139567 0.257986 0.0364861 0.255393 
1531 0 -176.676 3.78336 0.141421 -0.0228259 0.139567 0.257986 0.0364881 0.255393 
1532 0 -176.676 3.78336 0.225021 -0.0897155 0.206363 0.322908 -0.0297465 0.321535 
1533 0 -176.675 3.78672 0.225021 -0.0897145 0.206364 0.322908 -0.0297451 0.321535 
1533 0 -176.675 3.78673 0.225021 -0.0897144 0.206364 0.322908 -0.0297448 0.321535 
1534 0 -176.675 3.78674 0.488089 -0.0719294 0.48276 0.615751 -0.0108203 0.615656 
1534 0 -176.675 3.78674 0.488089 -0.0719298 0.48276 0.615751 -0.0108209 0.615656 
1535 0 -176.675 3.78674 0.584857 0.0118406 0.584737 0.726918 0.0772003 0.722807 
1535 0 -176.675 3.78675 0.584857 0.0118359 0.584737 0.726918 0.0771945 0.722808 
1536 0 -176.675 3.78676 0.611571 0.0145039 0.611399 0.752842 0.0797761 0.748603 
1537 0 -176.675 3.78676 0.611571 0.0145079 0.611399 0.752842 0.079781 0.748603 
1537 0 -176.675 3.78676 0.611571 0.014506 0.611399 0.752842 0.0797787 0.748603 
1538 0 -176.675 3.78678 0.787401 -0.00467936 0.787387 0.931436 0.0600583 0.929498 
1538 0 -176.675 3.78679 0.787401 -0.00467807 0.787387 0.931436 0.0600598 0.929498 
1539 0 -176.675 3.78679 0.81048 -0.00236328 0.810477 0.954796 0.0623924 0.952756 
1539 0 -176.675 3.78681 0.81048 -0.00236608 0.810477 0.954796 0.0623891 0.952756 
1540 0 -176.675 3.78683 0.76076 -0.00735048 0.760725 0.90484 0.0574044 0.903017 
1541 0 -176.675 3.78683 0.774079 -0.00601732 0.774056 0.938724 0.0607783 0.936754 
1541 0 -176.675 3.78684 0.774079 -0.00601469 0.774056 0.938724 0.0607815 0.936754 
1542 0 -176.675 3.78684 0.76076 -0.00735131 0.760725 0.904488 0.0573684 0.902667 
1542 0 -176.675 3.78685 0.76076 -0.00735398 0.760725 0.904488 0.0573652 0.902667 
1543 0 -176.675 3.78685 0.797154 -0.00371105 0.797146 0.938594 0.060762 0.936625 
1544 0 -176.675 3.78685 0.691603 -0.0142772 0.691455 0.834005 0.0503515 0.832484 
1544 0 -176.675 3.78685 0.691603 -0.014276 0.691455 0.834005 0.050353 0.832484 
1545 0 -176.675 3.78685 0.865168 0.0580767 0.863217 1.01106 0.122442 1.00362 
1545 0 -176.675 3.78686 0.865168 0.058076 0.863217 1.01106 0.122441 1.00362 
1546 0 -176.675 3.78686 0.790569 0.0140164 0.790445 0.82921 0.0167381 0.829041 
1547 0 -176.675 3.78687 0.786627 -0.0281316 0.786124 0.823012 -0.0853392 0.818575 
1547 0 -176.675 3.78689 0.786627 -0.0281341 0.786124 0.823012 -0.0853418 0.818575 
1548 0 -176.675 3.78689 0.786627 -0.0281359 0.786124 0.823012 -0.0853437 0.818575 
1548 0 -176.675 3.7869 0.786627 -0.0281365 0.786124 0.823012 -0.0853444 0.818575 
1549 0 -176.675 3.7869 0.806226 0.0837958 0.801859 0.833981 0.0221493 0.833687 
1549 0 -176.675 3.78692 0.806226 0.0837984 0.801859 0.833981 0.0221519 0.833686 
1550 0 -176.675 3.78693 0.806226 0.0837957 0.801859 0.833981 0.0221491 0.833687 
1551 0 -176.675 3.78693 0.75035 0.150686 0.735064 0.772618 0.0883842 0.767545 
1551 0 -176.675 3.78693 0.75035 0.150688 0.735064 0.772618 0.0883863 0.767545 
1552 0 -176.675 3.78694 0.816809 0.139271 0.804848 0.835746 0.0778226 0.832114 
1553 0 -176.675 3.78696 0.542235 0.12149 0.52845 0.541208 0.0589015 0.537993 
1553 0 -176.675 3.78696 0.542235 0.121489 0.52845 0.541208 0.0589004 0.537993 
1554 0 -176.675 3.78697 1.0133 -0.0188878 1.01313 1.01211 -0.0775554 1.00913 
1554 0 -176.675 3.78697 1.0133 -0.0188878 1.01313 1.01211 -0.0775554 1.00913 
1555 0 -176.675 3.78698 0.9867 -0.0215614 0.986464 0.986596 -0.0801424 0.983335 
1556 0 -176.674 3.78738 1.061 -0.0276133 1.06064 1.15124 -0.093525 1.14743 
1556 0 -176.674 3.78738 1.061 -0.0276162 1.06064 1.15124 -0.0935282 1.14743 
1557 0 -176.674 3.78739 0.884692 -0.00843571 0.884652 0.969354 -0.0738134 0.96654 
1557 0 -176.674 3.78739 0.884692 -0.00843776 0.884651 0.969354 -0.0738156 0.96654 
1558 0 -176.674 3.7874 0.915927 -0.0421974 0.914955 1.00099 -0.106771 0.995279 
1558 0 -176.674 3.78739 0.915927 -0.042196 0.914955 1.00099 -0.106769 0.995279 
1559 0 -176.674 3.7874 0.978696 -0.0358917 0.978038 1.06177 -0.100601 1.057 
1560 0 -176.674 3.78741 0.965425 -0.0372224 0.964707 1.02853 -0.103972 1.02326 
1560 0 -176.674 3.78742 0.965425 -0.0372159 0.964707 1.02853 -0.103965 1.02326 
1561 0 -176.674 3.78743 1.04121 -0.0530178 1.03986 1.10425 -0.119628 1.09775 
1561 0 -176.674 3.78746 1.04121 -0.0530082 1.03986 1.10425 -0.119618 1.09775 
1562 0 -176.674 3.78749 1.00504 -0.0566559 1.00344 1.07088 -0.123019 1.06379 
1563 0 -176.674 3.7875 1.05446 -0.0516789 1.05319 1.19265 -0.110646 1.18751 
1563 0 -176.674 3.78752 1.05446 -0.051674 1.05319 1.19265 -0.110641 1.18751 
1564 0 -176.674 3.78754 0.890111 -0.124032 0.881427 1.03267 -0.182736 1.01637 
1564 0 -176.674 3.78756 0.890111 -0.124037 0.881427 1.03267 -0.182741 1.01637 
1565 0 -176.674 3.78757 1.07005 -0.0316461 1.06958 1.20084 -0.0939682 1.19715 
1566 0 -176.674 3.78757 1.07395 0.0104986 1.0739 1.20765 0.00810558 1.20762 
1566 0 -176.674 3.78757 1.07395 0.0105013 1.0739 1.20765 0.00810865 1.20762 
1567 0 -176.674 3.78757 1.14368 -0.000928534 1.14368 1.27499 -0.00292703 1.27498 
1567 0 -176.674 3.78757 1.14368 -0.000925686 1.14368 1.27499 -0.00292386 1.27498 
1568 0 -176.674 3.78757 1.20416 -0.124266 1.19773 1.33247 -0.12138 1.32693 
1569 0 -176.674 3.78758 1.20416 -0.124271 1.19773 1.33247 -0.121385 1.32693 
1569 0 -176.674 3.7876 1.20416 -0.124281 1.19773 1.33247 -0.121397 1.32693 
1570 0 -176.674 3.78762 1.27475 -0.135693 1.26751 1.40234 -0.132699 1.39605 
1570 0 -176.674 3.78764 1.27475 -0.135685 1.26751 1.40234 -0.132691 1.39605 
1571 0 -176.674 3.78767 1.41149 -0.18259 1.39963 1.53722 -0.178553 1.52681 
1572 0 -176.674 3.78769 1.65032 -0.195472 1.6387 2.1128 -0.209567 2.10239 
1572 0 -176.674 3.78772 1.65032 -0.195471 1.6387 2.1128 -0.209565 2.10239 
1573 0 -176.674 3.78774 1.15534 -0.055078 1.15403 1.63289 -0.0730946 1.63125 
1573 0 -176.674 3.78775 1.15534 -0.0550813 1.15402 1.63289 -0.0730993 1.63125 
1574 0 -176.674 3.78778 1.21453 -0.049132 1.21354 1.6901 -0.067351 1.68875 
1575 0 -176.674 3.7878 1.14018 -0.0430816 1.13936 1.52561 -0.0539673 1.52465 
1575 0 -176.674 3.7878 1.14018 -0.0430852 1.13936 1.52561 -0.0539721 1.52465 
1576 0 -176.674 3.78781 1.20624 -0.0598717 1.20475 1.59247 -0.070975 1.59088 
1576 0 -176.674 3.78783 1.20624 -0.0598755 1.20475 1.59247 -0.07098 1.59088 
1577 0 -176.674 3.78783 1.15171 -0.028429 1.15136 1.53941 -0.0403556 1.53889 
1577 0 -176.674 3.78784 1.15171 -0.0284315 1.15136 1.53941 -0.0403589 1.53889 
1578 0 -176.674 3.78914 1.31428 0.061282 1.31285 1.69033 0.044361 1.68974 
1579 0 -176.674 3.78915 1.38353 0.0498645 1.38263 1.85236 0.0177692 1.85228 
1579 0 -176.674 3.78921 1.38353 0.0498412 1.38263 1.85236 0.0177379 1.85228 
1580 0 -176.674 3.78925 1.30913 0.065646 1.30749 1.7781 0.0334019 1.77779 
1580 0 -176.674 3.78928 1.30913 0.0656507 1.30748 1.7781 0.0334083 1.77779 
1581 0 -176.674 3.78935 1.86592 -0.0256846 1.86575 2.31869 -0.0549774 2.31803 
1582 0 -176.674 3.78939 1.81625 -0.030659 1.816 2.19535 -0.067345 2.19432 
1582 0 -176.674 3.78944 1.81625 -0.0306672 1.816 2.19535 -0.0673549 2.19432 
1583 0 -176.674 3.7895 1.7393 -0.0433223 1.73876 2.12895 -0.0783043 2.12751 
1584 0 -176.674 3.78954 1.55653 -0.135702 1.5506 1.95388 -0.167067 1.94672 
1584 0 -176.674 3.78958 1.55653 -0.135706 1.5506 1.95388 -0.167072 1.94672 
1585 0 -176.674 3.78962 1.65489 -0.125748 1.65011 2.04593 -0.157749 2.03984 
1586 0 -176.674 3.78967 1.58446 -0.114338 1.58033 1.97792 -0.146737 1.97247 
1586 0 -176.674 3.7897 1.58446 -0.114351 1.58033 1.97792 -0.146755 1.97247 
1587 0 -176.674 3.78975 1.58627 -0.0956458 1.58339 1.97115 -0.129629 1.96688 
1588 0 -176.674 3.78978 1.6394 -0.113761 1.63544 2.08381 -0.167958 2.07703 
1588 0 -176.674 3.78981 1.6394 -0.113768 1.63544 2.08381 -0.167968 2.07703 
1589 0 -176.674 3.78987 1.569 -0.102347 1.56566 2.01401 -0.156655 2.00791 
1590 0 -176.674 3.78991 1.45037 -0.0354126 1.44994 2.01183 -0.0804771 2.01022 
1590 0 -176.674 3.78997 1.45037 -0.0353993 1.44994 2.01183 -0.0804586 2.01022 
1591 0 -176.674 3.79003 1.21108 -0.0225147 1.21087 1.4355 -0.049431 1.43465 
1592 0 -176.674 3.79011 1.26541 -0.0539695 1.26426 1.53673 -0.107357 1.53298 
1592 0 -176.674 3.79014 1.26541 -0.0539687 1.26426 1.53673 -0.107356 1.53298 
1593 0 -176.674 3.79018 1.36038 0.0475165 1.35955 1.62712 -0.0078682 1.62711 
1594 0 -176.674 3.79024 1.65171 -0.0386192 1.65126 2.22414 -0.181953 2.21668 
1594 0 -176.674 3.79029 1.65171 -0.0386137 1.65126 2.22414 -0.181946 2.21668 
1595 0 -176.674 3.79034 1.58601 -0.0218243 1.58586 2.15677 -0.16494 2.15045 
1596 0 -176.674 3.79039 1.79487 0.0541548 1.79405 2.52917 -0.0267734 2.52903 
1597 0 -176.674 3.79045 1.57003 -0.0418701 1.56947 2.31944 -0.117674 2.31645 
1597 0 -176.674 3.79049 1.57003 -0.0418566 1.56947 2.31944 -0.117654 2.31645 
1598 0 -176.674 3.79052 1.57003 -0.0418573 1.56947 2.21849 -0.101249 2.21618 
1599 0 -176.674 3.7906 1.57003 -0.0418677 1.56947 2.21849 -0.101263 2.21618 
1599 0 -176.674 3.79066 1.57003 -0.0418655 1.56947 2.21849 -0.10126 2.21618 
1600 0 -176.674 3.79069 1.15109 0.0266521 1.15078 1.797 -0.0326125 1.79671 
1601 0 -176.674 3.79071 1.22066 0.0152325 1.22056 1.94207 -0.0562661 1.94125 
1601 0 -176.674 3.79078 1.22066 0.0152241 1.22056 1.94207 -0.0562796 1.94125 
1602 0 -176.674 3.79191 1.39298 -0.0043215 1.39297 2.0921 -0.0733221 2.09081 
1603 0 -176.674 3.79199 1.49644 -0.0307877 1.49612 2.26865 -0.118166 2.26557 
1604 0 -176.674 3.79207 1.58333 -0.180578 1.573 2.53188 -0.388643 2.50187 
1604 0 -176.674 3.79215 1.58333 -0.180574 1.573 2.53188 -0.388636 2.50187 
1605 0 -176.674 3.79223 1.70168 -0.212549 1.68836 2.63134 -0.41537 2.59835 
1606 0 -176.674 3.79233 1.835 -0.0337149 1.83469 2.95585 -0.0663704 2.95511 
1606 0 -176.674 3.79241 1.835 -0.0337169 1.83469 2.95585 -0.0663736 2.95511 
1607 0 -176.674 3.79252 1.73298 -0.0943806 1.7304 2.80209 -0.0951442 2.80047 
1608 0 -176.674 3.79254 1.85261 -0.0269973 1.85242 3.05879 0.0473092 3.05842 
1609 0 -176.674 3.79267 1.83663 -0.0470459 1.83603 2.98077 0.00789547 2.98076 
1609 0 -176.674 3.79276 1.83663 -0.0470451 1.83603 2.98077 0.0078967 2.98076 
1610 0 -176.674 3.79281 1.83663 -0.0470291 1.83603 2.98077 0.00792277 2.98076 
1611 0 -176.674 3.79289 1.92258 -0.0384179 1.9222 3.1366 0.0242654 3.13651 
1611 0 -176.674 3.79301 1.92258 -0.0384179 1.9222 3.1366 0.0242654 3.13651 
1612 0 -176.674 3.79307 1.92094 -0.098916 1.91839 3.10812 -0.04276 3.10783 
1613 0 -176.674 3.79315 1.68332 -0.0255413 1.68313 2.63638 0.105101 2.63428 
1613 0 -176.674 3.79321 1.68332 -0.0255456 1.68313 2.63638 0.105094 2.63428 
1614 0 -176.674 3.79331 1.8269 -0.0480234 1.82627 2.77047 0.0839067 2.7692 
1615 0 -176.674 3.79341 1.67208 -0.119061 1.66783 2.50104 -0.0433077 2.50067 
1615 0 -176.674 3.79351 1.67208 -0.119051 1.66783 2.50104 -0.0432928 2.50067 
1616 0 -176.674 3.7936 1.78045 -0.0760856 1.77882 2.59431 -0.00703562 2.5943 
1617 0 -176.674 3.7937 2.1319 -0.133189 2.12774 3.45875 -0.147979 3.45558 
1617 0 -176.674 3.79379 2.1319 -0.133182 2.12774 3.45875 -0.147967 3.45558 
1618 0 -176.674 3.79388 2.1319 -0.133174 2.12774 3.45875 -0.147954 3.45558 
1619 0 -176.674 3.79402 2.06155 -0.121754 2.05795 3.45308 -0.14703 3.44995 
1620 0 -176.674 3.79405 1.99123 -0.110341 1.98817 3.30771 -0.123386 3.30541 
1620 0 -176.674 3.79417 1.99123 -0.110356 1.98817 3.30771 -0.123412 3.30541 
1621 0 -176.674 3.79426 2.03506 -0.100983 2.03256 3.33987 -0.114261 3.33791 
1622 0 -176.673 3.79433 1.93085 -0.0745055 1.92941 3.16392 -0.0693999 3.16315 
1623 0 -176.673 3.79447 2.12991 0.147804 2.12478 3.42828 0.320328 3.41328 
1623 0 -176.673 3.79452 2.12991 0.147822 2.12477 3.42828 0.320356 3.41328 
1624 0 -176.673 3.79461 2.15471 0.156967 2.14899 3.4551 0.327008 3.43959 
1625 0 -176.673 3.79461 1.95713 -0.0952931 1.95481 3.07402 -0.156863 3.07002 
1626 0 -176.673 3.79399 2.14297 -0.00292853 2.14297 3.32 -0.0692966 3.31928 
1626 0 -176.673 3.79405 2.14297 -0.00289444 2.14297 3.32 -0.0692438 3.31928 
1627 0 -176.672 3.79416 2.05845 -0.0666303 2.05737 3.09889 -0.208633 3.09186 
1628 0 -176.672 3.79427 2.0755 -0.0563618 2.07474 3.12029 -0.190883 3.11444 
1628 0 -176.672 3.79436 2.0755 -0.05634 2.07474 3.12029 -0.19085 3.11444 
1629 0 -176.672 3.79447 2.08879 -0.0550177 2.08807 3.13132 -0.189753 3.12557 
1630 0 -176.672 3.79456 2.04813 -0.0222439 2.04801 3.04238 -0.131395 3.03954 
1631 0 -176.672 3.79461 2.28035 -0.0862069 2.27872 3.72145 -0.205254 3.71578 
1631 0 -176.672 3.79471 2.28035 -0.0861881 2.27872 3.72145 -0.205223 3.71578 
1632 0 -176.672 3.79479 2.3638 -0.0962531 2.36184 3.72234 -0.198181 3.71706 
1633 0 -176.672 3.79486 2.36839 -0.0134632 2.36835 3.83663 -0.0747208 3.8359 
1634 0 -176.672 3.79493 2.39719 -0.060895 2.39641 3.85847 -0.15635 3.85531 
1634 0 -176.672 3.79501 2.39719 -0.060912 2.39641 3.85847 -0.156377 3.8553 
1635 0 -176.672 3.79512 2.28976 -0.117193 2.28676 3.76818 -0.203007 3.76271 
1636 0 -176.672 3.7952 1.95464 -0.0400814 1.95423 2.97376 -0.0384944 2.97351 
1637 0 -176.672 3.79526 1.95464 -0.0400896 1.95423 2.97376 -0.0385069 2.97351 
1638 0 -176.672 3.79539 2.0215 -0.0248399 2.02135 3.06985 -0.0137499 3.06982 
1638 0 -176.672 3.7955 2.0215 -0.0248468 2.02135 3.06985 -0.0137605 3.06982 
1639 0 -176.672 3.79556 2.03481 -0.0235148 2.03468 3.08105 -0.0126419 3.08102 
1640 0 -176.672 3.79568 2.5 -0.0506173 2.49949 3.98124 -0.0776215 3.98048 
1641 0 -176.672 3.79576 2.5 -0.0506232 2.49949 3.98124 -0.077631 3.98048 
1641 0 -176.672 3.79584 2.5 -0.050613 2.49949 3.98124 -0.0776146 3.98048 
1642 0 -176.672 3.79595 2.20227 -0.144524 2.19752 3.4682 -0.216121 3.46146 
1643 0 -176.672 3.79603 2.06155 -0.121702 2.05796 3.34443 -0.196048 3.33867 
1644 0 -176.672 3.79608 2.18395 -0.00861086 2.18393 3.55979 0.0165533 3.55976 
1644 0 -176.672 3.79619 2.18395 -0.00861003 2.18393 3.55979 0.0165546 3.55976 
1645 0 -176.672 3.79628 2.18804 -0.0450317 2.18758 3.47424 -0.0234142 3.47416 
1646 0 -176.672 3.79636 2.1517 -0.0486552 2.15115 3.44373 -0.0264383 3.44363 
1647 0 -176.672 3.79645 2.18538 -0.0219313 2.18527 3.50595 0.0186428 3.5059 
1647 0 -176.672 3.79654 2.18538 -0.0219431 2.18527 3.50595 0.0186239 3.5059 
1648 0 -176.672 3.79663 2.64898 -0.0356993 2.64874 3.90686 0.00678186 3.90685 
1649 0 -176.672 3.79666 2.65462 -0.0818907 2.65336 3.91097 -0.069731 3.91035 
1649 0 -176.672 3.79524 2.65462 -0.0818792 2.65336 3.91097 -0.069714 3.91035 
1650 0 -176.672 3.79529 2.33192 -0.0589024 2.33118 3.16297 -0.028906 3.16283 
1651 0 -176.672 3.79533 2.30217 0.0534107 2.30155 3.44052 0.301043 3.42733 
1651 0 -176.672 3.79535 2.30217 0.0534076 2.30155 3.44052 0.301038 3.42733 
1651 0 -176.672 3.79538 2.30217 0.0534093 2.30155 3.44052 0.301041 3.42733 
1652 0 -176.672 3.79544 2.15192 -0.00688352 2.1519 3.17979 0.198803 3.17356 
1652 0 -176.672 3.79548 2.15192 -0.00689135 2.1519 3.17979 0.198792 3.17357 
1653 0 -176.672 3.79552 2.18647 -0.0317028 2.18624 3.20105 0.178276 3.19608 
1653 0 -176.672 3.79555 2.18647 -0.0316945 2.18624 3.20105 0.178288 3.19608 
1654 0 -176.672 3.79558 2.18499 -0.01836 2.18491 3.20061 0.188693 3.19504 
1654 0 -176.672 3.79562 2.18499 -0.018344 2.18491 3.20061 0.188716 3.19504 
1655 0 -176.672 3.79568 2.17167 -0.0196952 2.17158 3.16136 0.184781 3.15595 
1655 0 -176.672 3.7957 2.17167 -0.0197045 2.17158 3.16136 0.184767 3.15596 
1655 0 -176.672 3.79573 2.17167 -0.0196935 2.17158 3.16136 0.184783 3.15595 
1656 0 -176.672 3.79575 2.64347 0.0176338 2.64341 3.62064 0.221015 3.61389 
1656 0 -176.672 3.79579 2.64347 0.0176447 2.64341 3.62064 0.221029 3.61389 
1657 0 -176.672 3.79583 2.69583 -0.0040379 2.69583 3.66004 0.191294 3.65503 
1657 0 -176.672 3.7959 2.69583 -0.00404972 2.69583 3.66004 0.191278 3.65504 
1658 0 -176.672 3.79592 2.6839 -0.0187205 2.68383 3.64973 0.171481 3.6457 
1658 0 -176.672 3.79596 2.6839 -0.0187155 2.68383 3.64973 0.171488 3.6457 
1659 0 -176.672 3.79601 2.0831 -0.00520473 2.0831 2.64395 0.20612 2.63591 
1659 0 -176.672 3.79605 2.0831 -0.00520931 2.0831 2.64395 0.206114 2.63591 
1660 0 -176.672 3.79609 2.0831 -0.00521888 2.0831 2.64395 0.206102 2.63591 
1660 0 -176.672 3.79609 2.0831 -0.00521888 2.0831 2.64395 0.206102 2.63591 
1661 0 -176.672 3.79613 2.18797 0.000333844 2.18797 2.82788 0.207784 2.82023 
1661 0 -176.672 3.79617 2.18797 0.000325338 2.18797 2.82788 0.207773 2.82023 
1661 0 -176.672 3.79619 2.18797 0.000322716 2.18797 2.82788 0.207769 2.82023 
1662 0 -176.672 3.79622 2.18797 0.000343253 2.18797 2.82788 0.207796 2.82023 
1662 0 -176.672 3.79625 2.18797 0.000357457 2.18797 2.82788 0.207814 2.82023 
1663 0 -176.672 3.79629 2.51098 0.0191777 2.5109 3.25211 0.220268 3.24464 
2 -176.672 3.79629 0 -0 0 0 -0 0 
1663 0 -176.672 3.79633 2.51098 0.0191822 2.5109 3.25211 0.220274 3.24464 
2 -176.672 3.79633 0 -0 0 0 -0 0 
1664 0 -176.672 3.79635 2.37171 0.0420289 2.37134 3.13465 0.23979 3.12546 
1 -176.672 3.79635 0 -0 0 0 -0 0 
1664 0 -176.672 3.79639 2.37171 0.0420272 2.37134 3.13465 0.239788 3.12546 
1 -176.672 3.79639 0 -0 0 0 -0 0 
1665 0 -176.672 3.79641 2.72438 -0.0514664 2.72389 3.61581 0.1102 3.61413 
1665 0 -176.672 3.79645 2.72438 -0.0514781 2.72389 3.61581 0.110184 3.61413 
1666 0 -176.672 3.79651 2.64008 -0.0734125 2.63905 3.4611 0.0720811 3.46035 
1666 0 -176.672 3.79653 2.64008 -0.0734159 2.63905 3.4611 0.0720766 3.46035 
1666 0 -176.672 3.79656 2.64008 -0.0734129 2.63905 3.4611 0.0720806 3.46035 
1667 0 -176.672 3.7966 2.16808 -0.0974147 2.16589 3.05203 0.0492523 3.05163 
1667 0 -176.672 3.79663 2.16808 -0.0974168 2.16589 3.05203 0.0492493 3.05163 
1668 0 -176.672 3.79665 2.2975 -0.0376435 2.2972 3.20885 0.141506 3.20573 
1668 0 -176.672 3.79669 2.2975 -0.0376477 2.2972 3.20885 0.1415 3.20573 
1669 0 -176.672 3.79673 2.23811 -0.0435978 2.23768 3.157 0.136334 3.15406 
1669 0 -176.672 3.79679 2.23811 -0.0435826 2.23769 3.157 0.136355 3.15406 
1670 0 -176.672 3.79681 2.21019 -0.162208 2.20423 2.88578 -0.214616 2.87779 
1670 0 -176.672 3.79687 2.21019 -0.162209 2.20423 2.88578 -0.214618 2.87779 
1671 0 -176.672 3.79694 2.63778 -0.119117 2.63509 3.17886 -0.185043 3.17347 
1672 0 -176.672 3.79696 2.59674 -0.0175399 2.59668 3.16654 -0.0264777 3.16643 
1673 0 -176.672 3.79699 2.66662 -0.0289907 2.66647 3.27854 -0.0448103 3.27824 
1673 0 -176.671 3.79402 2.66662 -0.0289923 2.66647 3.27854 -0.0448122 3.27824 
1674 0 -176.671 3.79401 2.74778 -0.126592 2.74486 3.30512 -0.125854 3.30272 
1675 0 -176.671 3.794 2.27893 -0.163917 2.27303 2.8494 -0.162082 2.84479 
1676 0 -176.671 3.794 2.58083 -0.106444 2.57864 3.43434 -0.0709025 3.43361 
1676 0 -176.671 3.79399 2.58083 -0.106438 2.57864 3.43434 -0.070894 3.43361 
1677 0 -176.671 3.79398 2.57898 -0.0931133 2.5773 3.43214 -0.0522354 3.43174 
1678 0 -176.671 3.79398 2.98759 -0.107475 2.98566 4.27524 -0.107441 4.27389 
1678 0 -176.671 3.79397 2.98759 -0.107517 2.98566 4.27524 -0.107501 4.27389 
1679 0 -176.671 3.79396 2.98759 -0.10752 2.98566 4.27524 -0.107505 4.27389 
1680 0 -176.671 3.79396 2.91448 -0.073007 2.91357 4.24546 -0.0388871 4.24528 
1680 0 -176.671 3.79395 2.91448 -0.0730196 2.91357 4.24546 -0.0389055 4.24528 
1681 0 -176.671 3.79394 2.91448 -0.0730224 2.91357 4.24546 -0.0389095 4.24528 
1682 0 -176.671 3.79392 2.52337 -0.17767 2.51711 3.72102 -0.217342 3.71467 
1683 0 -176.671 3.79391 2.57266 -0.172676 2.56686 3.80913 -0.208439 3.80342 
1683 0 -176.671 3.79389 2.57266 -0.172692 2.56686 3.80913 -0.208463 3.80342 
1684 0 -176.671 3.79389 2.21694 0.0314163 2.21671 3.31688 0.0165896 3.31684 
1685 0 -176.671 3.79387 2.45949 -0.0179045 2.45942 3.78649 -0.0736056 3.78577 
1685 0 -176.671 3.79387 2.45949 -0.0179116 2.45942 3.78649 -0.0736164 3.78577 
1686 0 -176.671 3.79386 2.94236 0.00703672 2.94235 4.23724 -0.0507764 4.23693 
1687 0 -176.671 3.79385 2.79311 -0.00788816 2.79309 4.04999 -0.0695302 4.0494 
1687 0 -176.671 3.79385 2.79311 -0.00787588 2.79309 4.04999 -0.0695124 4.0494 
1688 0 -176.671 3.79384 2.79311 -0.00788898 2.79309 4.04999 -0.0695314 4.0494 
1689 0 -176.671 3.79382 2.79542 0.0609501 2.79475 4.10987 0.0548015 4.1095 
1690 0 -176.671 3.79381 2.48475 -0.00188308 2.48475 4.03931 -0.0116228 4.03929 
1690 0 -176.671 3.79379 2.48475 -0.00189186 2.48475 4.03931 -0.011637 4.03929 
1691 0 -176.67 3.79377 2.43707 -0.0569701 2.4364 3.91627 -0.0960023 3.91509 
1692 0 -176.67 3.79375 2.64008 -0.0734755 2.63905 4.31486 -0.129947 4.3129 
1693 0 -176.67 3.79374 2.69722 -0.0174143 2.69716 4.53562 -0.114228 4.53418 
1693 0 -176.67 3.79373 2.69722 -0.0174211 2.69716 4.53562 -0.11424 4.53418 
1694 0 -176.67 3.79372 2.69722 -0.0174177 2.69716 4.53562 -0.114234 4.53418 
1695 0 -176.67 3.79371 2.35324 -0.0100738 2.35322 4.01305 -0.082233 4.01221 
1695 0 -176.67 3.7937 2.35324 -0.0100893 2.35322 4.01305 -0.0822595 4.01221 
1696 0 -176.67 3.7937 2.35324 -0.0100893 2.35322 4.01305 -0.0822595 4.01221 
1697 0 -176.672 3.79284 2.15058 0.00644281 2.15057 3.54065 -0.0392544 3.54044 
1697 0 -176.672 3.79282 2.15058 0.00645019 2.15057 3.54065 -0.0392422 3.54044 
1698 0 -176.672 3.79278 2.15058 0.00644293 2.15057 3.54065 -0.0392542 3.54044 
1699 0 -176.672 3.79275 2.47821 -0.0209186 2.47812 4.20109 -0.097032 4.19997 
1700 0 -176.672 3.7927 2.47821 -0.0208957 2.47812 4.20109 -0.0969931 4.19997 
1700 0 -176.672 3.79267 2.47821 -0.0208866 2.47812 4.20109 -0.0969778 4.19997 
1701 0 -176.672 3.79264 2.6962 -0.00763569 2.69619 4.2999 -0.0377158 4.29973 
1702 0 -176.672 3.7926 2.80545 0.00327769 2.80545 4.51744 -0.0159695 4.51741 
1702 0 -176.672 3.79256 2.80545 0.00325765 2.80545 4.51744 -0.0160018 4.51741 
1703 0 -176.672 3.79253 2.87112 -0.124127 2.86843 4.57362 -0.125962 4.57188 
1704 0 -176.672 3.79251 2.70595 -0.0902882 2.70444 4.30039 -0.0663551 4.29988 
1704 0 -176.672 3.79248 2.70595 -0.0902966 2.70444 4.30039 -0.0663685 4.29988 
1705 0 -176.672 3.79245 2.44333 -0.0379361 2.44303 4.04741 -0.0189738 4.04737 
1706 0 -176.672 3.79243 2.50784 0.000395098 2.50784 4.20896 0.0602762 4.20853 
1706 0 -176.672 3.79238 2.50784 0.000392999 2.50784 4.20896 0.0602727 4.20853 
1707 0 -176.672 3.79233 2.50784 0.000396554 2.50784 4.20896 0.0602787 4.20853 
1708 0 -176.672 3.79233 2.5 -0.050688 2.49949 4.19565 -0.0487486 4.19536 
1708 0 -176.672 3.79229 2.5 -0.0507076 2.49949 4.19565 -0.0487815 4.19536 
1709 0 -176.672 3.79226 2.58879 -0.0651891 2.58797 4.16444 -0.0436906 4.16421 
1710 0 -176.672 3.7922 2.70297 -0.0672359 2.70213 4.43993 -0.0751169 4.4393 
1710 0 -176.672 3.79219 2.70297 -0.0672262 2.70213 4.43993 -0.0751009 4.4393 
1711 0 -176.672 3.79214 2.5 -0.0507094 2.49949 3.99637 -0.0337316 3.99623 
1712 0 -176.672 3.79208 2.43002 -0.0392773 2.4297 3.8857 -0.0156191 3.88567 
1712 0 -176.672 3.79205 2.43002 -0.0392553 2.4297 3.8857 -0.0155839 3.88567 
1713 0 -176.672 3.79202 2.56736 0.00636876 2.56736 4.00046 0.0224479 4.0004 
1714 0 -176.672 3.79198 2.57002 -0.0620891 2.56927 3.98894 -0.119953 3.98713 
1714 0 -176.672 3.79193 2.57002 -0.0620931 2.56927 3.98894 -0.119959 3.98713 
1715 0 -176.672 3.79189 2.78029 -0.0963561 2.77862 4.17144 -0.149692 4.16875 
1716 0 -176.672 3.79185 2.78378 -0.0456205 2.7834 4.21934 -0.0555369 4.21897 
1717 0 -176.672 3.79181 2.78378 -0.045629 2.7834 4.21934 -0.0555498 4.21897 
1717 0 -176.672 3.79176 2.78378 -0.0456043 2.7834 4.21934 -0.0555124 4.21897 
1718 0 -176.672 3.79172 2.72345 -0.0835865 2.72217 3.67294 -0.0908195 3.67181 
1719 0 -176.672 3.79169 2.72345 -0.0836045 2.72217 3.67294 -0.0908436 3.67181 
1719 0 -176.672 3.79164 2.72345 -0.0836193 2.72217 3.67294 -0.0908637 3.67181 
1720 0 -176.672 3.79164 2.56433 -0.0123647 2.5643 3.53901 -0.0248005 3.53893 
1721 0 -176.672 3.79121 2.40545 -0.0282493 2.40528 3.23297 -0.0554164 3.2325 
1721 0 -176.672 3.79115 2.40545 -0.028261 2.40528 3.23297 -0.0554322 3.2325 
1722 0 -176.672 3.7911 2.8237 -0.0416737 2.8234 3.58807 -0.0666286 3.58746 
1723 0 -176.672 3.79103 2.70842 -0.0298649 2.70825 3.33973 -0.0411924 3.33947 
1723 0 -176.672 3.79096 2.70842 -0.029867 2.70825 3.33973 -0.041195 3.33947 
1724 0 -176.672 3.7909 2.5 -0.0507492 2.49948 3.15155 -0.0614322 3.15095 
1725 0 -176.672 3.79083 2.58776 -0.152717 2.58325 3.31449 -0.260576 3.30423 
1725 0 -176.672 3.79077 2.58776 -0.152737 2.58325 3.31449 -0.260601 3.30423 
1726 0 -176.672 3.79071 2.68655 -0.142802 2.68275 3.40426 -0.251545 3.39496 
1727 0 -176.672 3.79064 2.64008 -0.0736004 2.63905 3.2972 -0.109411 3.29539 
1727 0 -176.672 3.7906 2.64008 -0.0735836 2.63905 3.2972 -0.10939 3.29539 
1728 0 -176.672 3.79051 2.69941 -0.0676367 2.69856 3.32363 -0.100867 3.3221 
1729 0 -176.672 3.79047 2.78119 -0.022617 2.78109 3.55955 0.000814986 3.55955 
1729 0 -176.672 3.79043 2.78119 -0.022635 2.78109 3.55955 0.00079198 3.55955 
1730 0 -176.672 3.79035 2.81323 -0.0243344 2.81312 3.58291 0.000108688 3.58291 
1731 0 -176.672 3.79026 2.72715 -0.0329475 2.72695 3.45829 -0.0244794 3.45821 
1731 0 -176.672 3.79024 2.72715 -0.0329508 2.72695 3.45829 -0.0244836 3.45821 
1732 0 -176.672 3.79014 2.68968 -0.0686466 2.6888 3.43753 -0.0531774 3.43712 
1733 0 -176.672 3.79004 2.79709 -0.0443859 2.79673 3.59965 -0.00516741 3.59964 
1733 0 -176.672 3.79002 2.79709 -0.0443946 2.79673 3.59965 -0.00517853 3.59964 
1734 0 -176.672 3.78993 2.58741 -0.0101369 2.58739 3.41811 0.0245411 3.41802 
1735 0 -176.672 3.78985 2.72029 -0.0152601 2.72025 3.7177 0.0155301 3.71767 
1735 0 -176.672 3.78977 2.72029 -0.0152591 2.72025 3.7177 0.0155314 3.71767 
1736 0 -176.672 3.78972 2.72029 -0.0152609 2.72025 3.7177 0.0155291 3.71767 
1737 0 -176.672 3.78965 2.59689 -0.0509424 2.59639 3.89327 -0.100367 3.89197 
1737 0 -176.672 3.7896 2.59689 -0.0509371 2.59639 3.89327 -0.100359 3.89197 
1738 0 -176.672 3.7895 2.59689 -0.0509627 2.59639 3.89327 -0.100398 3.89197 
1739 0 -176.672 3.78943 2.74476 -0.0680831 2.74392 4.34726 -0.0851805 4.34642 
1739 0 -176.673 3.78938 2.74476 -0.0680865 2.74392 4.34726 -0.0851859 4.34642 
1740 0 -176.673 3.78926 2.86706 -0.0558347 2.86651 4.45872 -0.0740231 4.4581 
1741 0 -176.673 3.78923 2.37632 -0.0079266 2.37631 4.03065 -0.00612815 4.03064 
1741 0 -176.673 3.78912 2.37632 -0.00794446 2.37631 4.03065 -0.00615844 4.03064 
1742 0 -176.673 3.78906 2.586 -0.0422049 2.58566 4.22088 -0.0372641 4.22072 
1743 0 -176.673 3.78896 2.80348 -0.0253914 2.80336 4.65587 0.0168672 4.65584 
1743 0 -176.673 3.78893 2.80348 -0.0253867 2.80336 4.65587 0.016875 4.65584 
1744 0 -176.673 3.78887 2.69486 0.00549493 2.69485 4.31731 0.101405 4.31612 
1745 0 -176.673 3.78978 2.70462 0.00647612 2.70461 4.42738 0.112388 4.42595 
1745 0 -176.673 3.78972 2.70462 0.00647073 2.70461 4.42738 0.11238 4.42595 
1746 0 -176.673 3.78967 2.79016 -0.0267137 2.79003 4.47333 0.0173039 4.4733 
1747 0 -176.673 3.78962 2.66082 -0.0212419 2.66074 4.55004 -0.00815439 4.55003 
1747 0 -176.673 3.78955 2.66082 -0.0212511 2.66074 4.55004 -0.00817004 4.55003 
1748 0 -176.673 3.78949 2.50902 -0.054847 2.50842 4.08241 -0.0720658 4.08178 
1749 0 -176.673 3.78943 2.54699 -0.0645309 2.54618 4.30798 -0.111936 4.30652 
1749 0 -176.673 3.78938 2.54699 -0.0645297 2.54618 4.30798 -0.111934 4.30652 
1750 0 -176.673 3.78928 2.63294 -0.0559121 2.63235 4.32584 -0.0699974 4.32527 
1751 0 -176.673 3.78924 2.67388 -0.0886981 2.67241 4.50748 -0.124224 4.50577 
1751 0 -176.673 3.78917 2.67388 -0.0887109 2.67241 4.50748 -0.124245 4.50577 
1752 0 -176.673 3.78906 2.63294 -0.0559289 2.63235 4.2299 -0.0983238 4.22876 
1753 0 -176.673 3.78901 2.63294 -0.0559202 2.63235 4.2299 -0.0983097 4.22876 
1753 0 -176.673 3.78896 2.63294 -0.0558987 2.63235 4.2299 -0.0982752 4.22876 
1754 0 -176.674 3.78889 2.42659 -0.0901017 2.42491 3.63602 -0.143225 3.6332 
1755 0 -176.674 3.7888 2.42659 -0.0900897 2.42491 3.63602 -0.143207 3.6332 
1755 0 -176.674 3.7888 2.42659 -0.0900897 2.42491 3.63602 -0.143207 3.6332 
1756 0 -176.674 3.78873 2.38981 -0.0519186 2.38925 3.33055 -0.0273076 3.33044 
1756 0 -176.674 3.78867 2.38981 -0.0519191 2.38925 3.33055 -0.0273084 3.33044 
1757 0 -176.674 3.78858 2.38981 -0.0519361 2.38925 3.33055 -0.027332 3.33044 
1758 0 -176.674 3.78853 2.79212 0.00179723 2.79212 4.29695 0.0994842 4.2958 
1758 0 -176.674 3.78846 2.79212 0.00181317 2.79212 4.29695 0.0995087 4.2958 
1759 0 -176.674 3.78836 2.67058 -0.0201834 2.6705 4.18576 0.0795673 4.185 
1760 0 -176.674 3.78833 2.6802 -0.0609851 2.67951 4.20675 -0.0201092 4.2067 
1760 0 -176.674 3.78821 2.6802 -0.0609575 2.67951 4.20675 -0.0200658 4.2067 
1761 0 -176.674 3.78813 2.4703 -0.0267372 2.47016 4.01664 0.0109814 4.01662 
1762 0 -176.674 3.78807 2.27688 -0.0178187 2.27681 3.6688 0.0531566 3.66842 
1762 0 -176.674 3.78797 2.27688 -0.0178011 2.27681 3.6688 0.0531849 3.66842 
1763 0 -176.674 3.78788 2.44131 0.0305023 2.44112 3.80798 0.0956715 3.80678 
1764 0 -176.674 3.7878 2.40165 0.00816822 2.40164 3.74643 0.052751 3.74606 
1764 0 -176.674 3.78775 2.40165 0.00817859 2.40164 3.74643 0.0527672 3.74606 
1765 0 -176.674 3.78765 2.43002 -0.0392498 2.4297 3.76424 0.0112946 3.76423 
1766 0 -176.675 3.78757 2.5 -0.0506575 2.49949 3.91831 -0.0138958 3.91829 
1766 0 -176.675 3.78752 2.5 -0.0506774 2.49949 3.91831 -0.013927 3.91829 
1767 0 -176.675 3.7875 2.57002 -0.0620948 2.56927 3.9833 -0.024552 3.98322 
1768 0 -176.675 3.78744 2.51098 0.0190965 2.5109 3.84811 0.153758 3.84504 
1768 0 -176.673 3.78966 2.51098 0.0191079 2.5109 3.84811 0.153775 3.84504 
1769 0 -176.673 3.78962 2.48796 -0.019973 2.48788 3.83016 0.116853 3.82837 
1769 0 -176.673 3.7896 2.48796 -0.0199682 2.48788 3.83016 0.116861 3.82837 
1770 0 -176.673 3.78953 2.37498 0.00554774 2.37498 3.58254 0.16419 3.57878 
1771 0 -176.673 3.78947 2.44183 -0.024561 2.4417 3.94362 0.143788 3.94099 
1771 0 -176.673 3.78942 2.44183 -0.0245649 2.4417 3.94362 0.143782 3.941 
1772 0 -176.673 3.78935 2.44183 -0.0245788 2.4417 3.94362 0.14376 3.941 
1773 0 -176.673 3.78932 2.56742 -0.0555799 2.56682 4.39746 0.0458049 4.39723 
1773 0 -176.673 3.78927 2.56742 -0.0555918 2.56682 4.39746 0.0457846 4.39723 
1774 0 -176.673 3.78923 2.56742 -0.0555877 2.56682 4.39746 0.0457916 4.39723 
1775 0 -176.673 3.78919 2.65047 -0.0037145 2.65047 4.84147 0.117213 4.84005 
1775 0 -176.673 3.78914 2.65047 -0.00371783 2.65047 4.84147 0.117207 4.84005 
1776 0 -176.673 3.78912 2.65047 -0.00372146 2.65047 4.84147 0.1172 4.84005 
1777 0 -176.673 3.78909 2.2644 0.00792341 2.26438 4.06051 0.17042 4.05693 
1777 0 -176.674 3.78905 2.2644 0.00791163 2.26438 4.06051 0.170399 4.05693 
1778 0 -176.674 3.789 2.41885 -0.0957258 2.41695 4.1979 0.0749462 4.19723 
1779 0 -176.674 3.78897 2.46533 -0.0676658 2.4644 4.30738 0.143772 4.30498 
1779 0 -176.674 3.78893 2.46533 -0.0676714 2.4644 4.30738 0.143762 4.30498 
1780 0 -176.674 3.78886 2.65379 -0.124397 2.65087 4.4754 0.0922171 4.47444 
1781 0 -176.674 3.78877 2.67705 -0.111684 2.67472 4.49548 0.0885821 4.49461 
1781 0 -176.674 3.78875 2.67705 -0.111683 2.67472 4.49548 0.0885828 4.49461 
1782 0 -176.674 3.78868 2.55605 -0.182977 2.54949 4.38932 0.0261267 4.38924 
1783 0 -176.674 3.78861 2.51743 -0.14124 2.51347 4.32309 0.113847 4.32159 
1783 0 -176.674 3.78857 2.51743 -0.141234 2.51347 4.32309 0.113858 4.32159 
1784 0 -176.674 3.78852 2.36008 -0.0278284 2.35992 4.1961 0.214742 4.1906 
1785 0 -176.674 3.78847 2.36008 -0.027832 2.35992 4.19269 0.215298 4.18716 
1785 0 -176.674 3.78841 2.36008 -0.0278368 2.35992 4.19269 0.215289 4.18716 
1786 0 -176.674 3.78838 2.5133 -0.0493309 2.51282 4.32187 0.197123 4.31738 
1787 0 -176.674 3.78832 2.49098 -0.120424 2.48807 4.26222 0.0429698 4.262 
1787 0 -176.674 3.78827 2.49098 -0.120428 2.48807 4.26222 0.042963 4.262 
1788 0 -176.674 3.7882 2.44231 -0.0699167 2.44131 4.22004 0.0896547 4.21908 
1789 0 -176.674 3.78816 2.41574 -0.0725653 2.41465 4.19544 0.0872301 4.19454 
1789 0 -176.674 3.7881 2.41574 -0.0725823 2.41465 4.19544 0.0872007 4.19454 
1790 0 -176.675 3.78804 2.65764 -0.0249829 2.65753 4.16686 0.12916 4.16486 
1790 0 -176.675 3.78799 2.65764 -0.0249877 2.65753 4.16686 0.129152 4.16486 
1791 0 -176.675 3.78799 2.65764 -0.0249877 2.65753 4.16686 0.129152 4.16486 
1792 0 -176.675 3.78791 2.56671 -0.0605785 2.566 3.94948 0.0571977 3.94907 
1792 0 -176.673 3.79048 2.56671 -0.0605753 2.566 3.94948 0.0572025 3.94907 
1793 0 -176.674 3.79045 2.56671 -0.0605638 2.566 3.94948 0.0572202 3.94907 
1794 0 -176.674 3.79044 2.45421 -0.0466372 2.45377 3.6979 0.0867366 3.69689 
1794 0 -176.674 3.79043 2.45421 -0.0466324 2.45377 3.6979 0.0867439 3.69689 
1795 0 -176.674 3.79042 2.45421 -0.0466495 2.45377 3.6979 0.0867181 3.69689 
1796 0 -176.674 3.7904 2.57002 -0.0620186 2.56927 3.80763 0.0132973 3.8076 
1796 0 -176.674 3.79039 2.57002 -0.062013 2.56927 3.80763 0.0133055 3.8076 
1797 0 -176.674 3.79038 2.41627 0.0513828 2.41572 3.66831 0.117564 3.66643 
1798 0 -176.674 3.79038 2.436 0.0349858 2.43575 3.7023 0.081918 3.7014 
1798 0 -176.674 3.79037 2.436 0.03499 2.43575 3.7023 0.0819245 3.7014 
1799 0 -176.674 3.79034 2.32045 0.0803038 2.31906 3.59636 0.123287 3.59424 
1800 0 -176.674 3.79033 2.39403 -0.00105041 2.39403 3.79638 -0.0386947 3.79618 
1800 0 -176.674 3.79032 2.39403 -0.00104972 2.39403 3.79638 -0.0386936 3.79618 
1801 0 -176.674 3.79029 2.35107 0.0717249 2.34997 3.76165 0.0263955 3.76156 
1801 0 -176.674 3.79028 2.35107 0.0717397 2.34997 3.76165 0.0264192 3.76156 
1802 0 -176.674 3.79025 2.40426 0.13866 2.40026 3.7682 0.0523682 3.76783 
1803 0 -176.674 3.79023 2.57002 -0.0620207 2.56927 4.11319 -0.259675 4.10499 
1803 0 -176.674 3.79022 2.57002 -0.0620046 2.56927 4.11319 -0.25965 4.10499 
1804 0 -176.674 3.79019 2.41404 -0.0591899 2.41332 3.71725 -0.218219 3.71084 
1805 0 -176.674 3.79017 2.25678 -0.00128392 2.25678 3.78887 -0.145262 3.78609 
1805 0 -176.674 3.79016 2.25678 -0.00127815 2.25678 3.78887 -0.145253 3.78609 
1806 0 -176.674 3.79014 2.37171 0.0420363 2.37134 3.82912 -0.0887546 3.8281 
1807 0 -176.674 3.79011 2.37171 0.0420424 2.37134 3.90702 -0.101438 3.9057 
1807 0 -176.674 3.7901 2.37171 0.0420504 2.37134 3.90702 -0.101425 3.9057 
1808 0 -176.675 3.79009 2.37171 0.0420448 2.37134 3.90702 -0.101434 3.9057 
1809 0 -176.675 3.79006 1.91088 -0.0223995 1.91075 3.53222 -0.177766 3.52774 
1809 0 -176.675 3.79005 1.91088 -0.0224082 1.91075 3.53222 -0.177782 3.52774 
1810 0 -176.675 3.79003 2.15594 0.00210643 2.15594 3.75417 -0.15547 3.75095 
1811 0 -176.675 3.79 2.1244 0.0553801 2.12368 3.69409 -0.0446504 3.69382 
1811 0 -176.675 3.78997 2.1244 0.0553867 2.12368 3.69409 -0.0446388 3.69382 
1812 0 -176.675 3.78993 2.18764 0.0616985 2.18677 3.75576 -0.0384591 3.75556 
1812 0 -176.675 3.78992 2.18764 0.061697 2.18677 3.75576 -0.0384617 3.75556 
1813 0 -176.675 3.78987 2.31581 0.0512123 2.31524 3.65108 -0.0872338 3.65004 
1814 0 -176.675 3.78986 2.31581 0.0512184 2.31524 3.65108 -0.0872241 3.65004 
1814 0 -176.675 3.78984 2.31581 0.0512257 2.31524 3.65108 -0.0872126 3.65004 
1815 0 -176.675 3.78983 2.07002 -0.0518683 2.06937 2.94531 -0.27528 2.93241 
1816 0 -176.675 3.78981 2.07002 -0.0518792 2.06937 2.94531 -0.275296 2.93241 
1816 0 -176.674 3.79007 2.07002 -0.0518955 2.06937 2.94531 -0.275319 2.93241 
1817 0 -176.674 3.79004 2.31089 0.0292149 2.31071 3.07875 -0.186255 3.07311 
1818 0 -176.674 3.79003 2.24129 0.0406266 2.24092 3.01594 -0.176066 3.0108 
1818 0 -176.674 3.79002 2.24129 0.0406309 2.24092 3.01594 -0.176061 3.0108 
1819 0 -176.674 3.79 2.39273 0.0123064 2.3927 2.98367 -0.17427 2.97858 
1819 0 -176.674 3.78997 2.39273 0.0123157 2.3927 2.98367 -0.174259 2.97858 
1820 0 -176.674 3.78994 2.27148 -0.0132978 2.27144 2.87418 -0.197756 2.86737 
1821 0 -176.674 3.78992 2.25289 -0.104228 2.25048 2.95359 -0.273342 2.94092 
1821 0 -176.674 3.78989 2.25289 -0.104222 2.25048 2.95359 -0.273334 2.94092 
1822 0 -176.674 3.78986 2.27011 4.99275e-05 2.27011 2.77664 -0.0481338 2.77622 
1823 0 -176.675 3.78984 2.42604 0.0523425 2.42548 3.20692 0.0322403 3.20676 
1823 0 -176.675 3.78982 2.42604 0.0523366 2.42548 3.20692 0.0322325 3.20676 
1824 0 -176.675 3.7898 2.32188 0.0370215 2.32158 2.90149 -0.00292818 2.90149 
1825 0 -176.675 3.78977 2.21904 0.00838065 2.21902 2.8786 -0.0281488 2.87846 
1825 0 -176.675 3.78976 2.21904 0.00836769 2.21902 2.8786 -0.0281656 2.87846 
1826 0 -176.675 3.78973 2.28541 0.0333597 2.28516 2.86317 0.00785595 2.86316 
1827 0 -176.675 3.78972 2.49764 0.017791 2.49757 3.3309 -0.0264034 3.3308 
1827 0 -176.675 3.7897 2.49764 0.017773 2.49757 3.3309 -0.0264274 3.3308 
1828 0 -176.675 3.78968 2.59326 0.0774468 2.5921 3.34453 0.0443979 3.34423 
1828 0 -176.675 3.78965 2.59326 0.0774483 2.5921 3.34453 0.0443998 3.34423 
1829 0 -176.675 3.78962 2.34751 0.052959 2.34692 3.1211 0.0221132 3.12102 
1830 0 -176.675 3.78959 2.28094 0.027953 2.28077 2.97587 -0.0346804 2.97567 
1830 0 -176.675 3.78957 2.28094 0.0279542 2.28077 2.97587 -0.0346789 2.97567 
1831 0 -176.675 3.78954 2.45678 0.0087734 2.45676 3.13298 -0.0526189 3.13254 
1832 0 -176.675 3.78951 2.2347 -0.0134163 2.23466 3.0425 -0.0745798 3.04159 
1832 0 -176.675 3.78948 2.2347 -0.0133863 2.23466 3.0425 -0.074539 3.04159 
1833 0 -176.675 3.78945 2.2711 -0.00975172 2.27108 3.07537 -0.0712526 3.07455 
1834 0 -176.675 3.78944 2.37171 0.0419864 2.37134 3.55394 0.0156153 3.55391 
1834 0 -176.675 3.7894 2.37171 0.0419807 2.37134 3.55394 0.0156068 3.55391 
1835 0 -176.675 3.78937 2.37171 0.0419818 2.37134 3.55394 0.0156084 3.55391 
1836 0 -176.675 3.78934 2.25289 -0.0686484 2.25185 3.66296 -0.133722 3.66052 
1836 0 -176.675 3.78932 2.25289 -0.0686508 2.25185 3.66296 -0.133726 3.66052 
1837 0 -176.675 3.78928 2.25289 -0.0686401 2.25185 3.66296 -0.133709 3.66052 
1837 0 -176.675 3.78925 2.25289 -0.0686449 2.25185 3.66296 -0.133716 3.66052 
1838 0 -176.675 3.78922 2.25806 -0.0564289 2.25736 3.65995 -0.120486 3.65796 
1839 0 -176.675 3.78922 2.25806 -0.0564289 2.25736 3.65995 -0.120486 3.65796 
1839 0 -176.675 3.78919 2.25806 -0.0564215 2.25736 3.65995 -0.120474 3.65796 
1840 0 -176.674 3.78979 2.5551 -0.0500137 2.55461 3.83795 -0.124026 3.83594 
1841 0 -176.674 3.78977 2.38036 -0.0441673 2.37995 3.67799 -0.118681 3.67607 
1841 0 -176.674 3.78974 2.38036 -0.0441728 2.37995 3.67799 -0.118689 3.67607 
1842 0 -176.674 3.78971 2.31242 -0.0878759 2.31075 3.32469 -0.188105 3.31936 
1843 0 -176.674 3.78968 2.35053 -0.097553 2.34851 3.44046 -0.210153 3.43404 
1843 0 -176.674 3.78967 2.35053 -0.097549 2.34851 3.44046 -0.210147 3.43404 
1844 0 -176.674 3.78962 2.30519 -0.097166 2.30315 3.32158 -0.211998 3.31481 
1845 0 -176.674 3.7896 2.26897 -0.100818 2.26672 3.40693 -0.20341 3.40085 
1845 0 -176.674 3.78958 2.26897 -0.10083 2.26672 3.40693 -0.203427 3.40085 
1846 0 -176.674 3.78955 2.35628 -0.166048 2.35042 3.22366 -0.245867 3.21427 
1847 0 -176.674 3.78952 2.27266 -0.155953 2.26731 3.23467 -0.166397 3.23039 
1847 0 -176.674 3.78948 2.27266 -0.15596 2.26731 3.23467 -0.166407 3.23039 
1848 0 -176.674 3.78946 2.35053 -0.0976022 2.3485 3.30989 -0.110604 3.30804 
1849 0 -176.674 3.78943 2.41404 -0.0592945 2.41331 3.39893 -0.015814 3.3989 
1849 0 -176.674 3.78939 2.41404 -0.0593064 2.41331 3.39893 -0.0158307 3.3989 
1850 0 -176.674 3.78935 2.31484 -0.0692468 2.31381 3.31064 -0.0253477 3.31054 
1851 0 -176.674 3.78934 2.36797 -0.090933 2.36623 3.39297 -0.0679586 3.39229 
1851 0 -176.674 3.78932 2.36797 -0.0909363 2.36623 3.39297 -0.0679635 3.39229 
1852 0 -176.674 3.78927 2.33172 -0.0945813 2.3298 3.36009 -0.0712647 3.35933 
1852 0 -176.674 3.78922 2.33172 -0.0945637 2.32981 3.36009 -0.0712393 3.35933 
1853 0 -176.674 3.78919 2.20227 -0.144557 2.19752 2.86766 -0.158624 2.86327 
1854 0 -176.674 3.78914 2.2195 -0.105846 2.21697 2.90913 -0.0689507 2.90831 
1854 0 -176.674 3.78911 2.2195 -0.105841 2.21697 2.90913 -0.0689432 2.90831 
1855 0 -176.674 3.78907 2.08759 -0.045253 2.08709 2.57076 0.0340792 2.57054 
1856 0 -176.674 3.78904 2.15762 -0.0566705 2.15688 2.72691 0.0084968 2.7269 
1856 0 -176.674 3.78901 2.15762 -0.0566706 2.15688 2.72691 0.0084967 2.7269 
1857 0 -176.674 3.78896 2 -0.0405135 1.99959 2.56497 0.0257355 2.56484 
1858 0 -176.674 3.78892 2.12883 -0.00919689 2.12881 2.84236 0.0926191 2.84085 
1858 0 -176.674 3.7889 2.12883 -0.00920869 2.12881 2.84236 0.0926033 2.84085 
1859 0 -176.674 3.78886 2.07002 -0.0519253 2.06937 2.7807 0.0541097 2.78018 
1860 0 -176.674 3.78881 2.07002 -0.0519055 2.06937 2.7807 0.0541363 2.78018 
1860 0 -176.674 3.78879 2.07002 -0.0519114 2.06937 2.7807 0.0541284 2.78018 
1861 0 -176.674 3.78874 1.93003 -0.0290938 1.92981 2.65318 0.075058 2.65212 
1862 0 -176.674 3.78871 1.86011 -0.0176715 1.86002 2.50924 0.0987589 2.5073 
1862 0 -176.674 3.78867 1.86011 -0.0176647 1.86002 2.50924 0.098768 2.5073 
1863 0 -176.674 3.78865 1.90698 -0.0313799 1.90672 2.55467 0.0857703 2.55323 
1863 0 -176.675 3.78861 1.90698 -0.0313748 1.90672 2.55467 0.085777 2.55323 
1864 0 -176.674 3.78965 1.80769 -0.0413265 1.80721 2.34084 0.0644483 2.33995 
1865 0 -176.674 3.78962 1.66433 0.0863822 1.66209 2.44108 0.255785 2.42764 
1865 0 -176.675 3.78959 1.66433 0.0863793 1.66209 2.44108 0.255781 2.42764 
1866 0 -176.675 3.78954 1.58114 0.0280175 1.58089 2.25554 0.129406 2.25183 
1867 0 -176.675 3.78951 1.5 -0.0303501 1.49969 2.17542 0.0735893 2.17418 
2 -176.675 3.78951 0 -0 0 0 -0 0 
1867 0 -176.675 3.78947 1.5 -0.0303479 1.49969 2.17542 0.0735925 2.17418 
2 -176.675 3.78947 0 -0 0 0 -0 0 
1868 0 -176.675 3.78942 1.5 -0.0303348 1.49969 2.17542 0.0736115 2.17418 
1 -176.675 3.78942 0 -0 0 0 -0 0 
1868 0 -176.675 3.78938 1.5 -0.0303415 1.49969 2.17542 0.0736018 2.17418 
1 -176.675 3.78938 0 -0 0 0 -0 0 
1869 0 -176.675 3.78935 1.5 -0.030332 1.49969 2.17542 0.0736156 2.17418 
1 -176.675 3.78935 0 -0 0 0 -0 0 
1870 0 -176.675 3.78932 1.5 -0.0303282 1.49969 2.17542 0.073621 2.17417 
1 -176.675 3.78932 0 -0 0 0 -0 0 
1870 0 -176.675 3.78928 1.5 -0.0303301 1.49969 2.17542 0.0736183 2.17417 
1 -176.675 3.78928 0 -0 0 0 -0 0 
1871 0 -176.675 3.78925 1.5 -0.0303293 1.49969 2.17542 0.0736194 2.17417 
1 -176.675 3.78925 0 -0 0 0 -0 0 
1872 0 -176.675 3.78923 1.5 -0.0303355 1.49969 2.17542 0.0736105 2.17418 
1 -176.675 3.78923 0 -0 0 0 -0 0 
1872 0 -176.675 3.7892 1.5 -0.0303227 1.49969 2.17542 0.073629 2.17417 
1 -176.675 3.7892 0 -0 0 0 -0 0 
1873 0 -176.675 3.78918 1.5 -0.0303256 1.49969 2.17542 0.0736248 2.17417 
1 -176.675 3.78918 0 -0 0 0 -0 0 
1874 0 -176.675 3.78916 1.5 -0.0303396 1.49969 2.17542 0.0736045 2.17418 
1 -176.675 3.78916 0 -0 0 0 -0 0 
1874 0 -176.675 3.78915 1.5 -0.030336 1.49969 2.17542 0.0736098 2.17418 
1 -176.675 3.78915 0 -0 0 0 -0 0 
1875 0 -176.675 3.78915 1.5 -0.0303452 1.49969 2.17542 0.0735964 2.17418 
1 -176.675 3.78915 0 -0 0 0 -0 0 
1875 0 -176.675 3.78913 1.5 -0.0303462 1.49969 2.17542 0.073595 2.17418 
1 -176.675 3.78913 0 -0 0 0 -0 0 
1876 0 -176.675 3.7891 1.5 -0.0303687 1.49969 2.17542 0.0735624 2.17418 
1 -176.675 3.7891 0 -0 0 0 -0 0 
1877 0 -176.675 3.78908 1.5 -0.0303713 1.49969 2.17542 0.0735586 2.17418 
1 -176.675 3.78908 1.06301 -0.101446 1.05816 1.66185 -0.158595 1.65427 
1877 0 -176.675 3.78906 1.5 -0.0303752 1.49969 2.17542 0.0735528 2.17418 
1 -176.675 3.78906 1.06301 -0.101449 1.05816 1.66185 -0.158599 1.65427 
1878 0 -176.675 3.789 1.5 -0.0303512 1.49969 2.17542 0.0735877 2.17418 
1 -176.675 3.789 1.06301 -0.101432 1.05816 1.4772 -0.140953 1.47046 
1879 0 -176.675 3.78895 1.5 -0.0303434 1.49969 2.17542 0.073599 2.17418 
1 -176.675 3.78895 1.06301 -0.101426 1.05816 1.32948 -0.126851 1.32342 
1879 0 -176.675 3.78894 1.5 -0.0303451 1.49969 2.17542 0.0735966 2.17418 
1 -176.675 3.78894 1.06301 -0.101427 1.05816 1.32948 -0.126853 1.32342 
1880 0 -176.675 3.78887 1.5 -0.0303257 1.49969 2.17542 0.0736247 2.17417 
1 -176.675 3.78887 1.06301 -0.101414 1.05817 1.20862 -0.115305 1.20311 
1881 0 -176.675 3.78883 1.5 -0.0303359 1.49969 2.17542 0.0736099 2.17418 
1 -176.675 3.78883 1.28062 -0.0658784 1.27893 1.88983 0.0209807 1.88972 
1881 0 -176.675 3.78878 1.5 -0.0303438 1.49969 2.17542 0.0735985 2.17418 
1 -176.675 3.78878 1.28062 -0.0658852 1.27893 1.88983 0.0209707 1.88972 
1882 0 -176.675 3.78875 1.5 -0.0303535 1.49969 2.17542 0.0735844 2.17418 
1 -176.675 3.78875 1.28062 -0.0658935 1.27893 1.74446 0.0193463 1.74435 
1883 0 -176.675 3.78868 1.5 -0.0303493 1.49969 2.17542 0.0735904 2.17418 
1 -176.675 3.78868 1.28062 -0.0658899 1.27893 1.61986 0.0179689 1.61976 
1883 0 -176.675 3.78865 1.5 -0.0303581 1.49969 2.17542 0.0735778 2.17418 
1 -176.675 3.78865 1.28062 -0.0658974 1.27893 1.61986 0.0179595 1.61976 
1884 0 -176.675 3.78862 1.54105 -0.0631518 1.53975 1.85768 0.0204038 1.85757 
1884 0 -176.675 3.78858 1.54105 -0.0631525 1.53975 1.85768 0.020403 1.85757 
1885 0 -176.675 3.78854 1.54105 -0.063145 1.53976 1.74157 0.0191362 1.74147 
1886 0 -176.675 3.78851 1.71026 -0.0646107 1.70904 2.03164 0.0146117 2.03159 
1886 0 -176.675 3.7885 1.71026 -0.0646031 1.70904 2.03164 0.0146208 2.03159 
1887 0 -176.675 3.78846 1.71026 -0.064604 1.70904 1.91877 0.0138074 1.91872 
1888 0 -176.675 3.78845 1.85068 -0.0874383 1.84861 2.14441 -0.0402987 2.14403 
1888 0 -176.674 3.79037 1.85068 -0.0874344 1.84861 2.14441 -0.0402941 2.14403 
1889 0 -176.674 3.79036 1.85068 -0.0874322 1.84861 2.14441 -0.0402916 2.14403 
1889 0 -176.674 3.79036 1.85068 -0.0874309 1.84861 2.14441 -0.0402901 2.14403 
1890 0 -176.674 3.79034 2.06155 -0.121689 2.05796 2.33892 -0.0720034 2.33781 
1891 0 -176.674 3.79033 2.06155 -0.121679 2.05796 2.33892 -0.0719913 2.33781 
1891 0 -176.674 3.79031 2.06155 -0.121669 2.05796 2.33892 -0.0719804 2.33781 
1892 0 -176.674 3.7903 2.27729 -0.0630558 2.27641 2.55261 -0.0143606 2.55257 
1893 0 -176.674 3.79029 2.5 -0.0506003 2.49949 3.07209 0.014637 3.07205 
1893 0 -176.674 3.79028 2.5 -0.0505998 2.49949 3.07209 0.0146377 3.07205 
1894 0 -176.674 3.79027 2.5 -0.050603 2.49949 3.07209 0.0146337 3.07205 
1894 0 -176.674 3.79027 2.5 -0.0506219 2.49949 3.07209 0.0146105 3.07205 
1895 0 -176.673 3.79026 2.5 -0.050617 2.49949 3.07209 0.0146165 3.07205 
1896 0 -176.673 3.79026 1.66433 0.0863744 1.66209 2.86791 0.159953 2.86345 
1896 0 -176.673 3.79026 1.66433 0.086373 1.66209 2.86791 0.15995 2.86345 
1897 0 -176.673 3.79027 1.87216 0.0521164 1.87144 3.07051 0.126488 3.0679 
1898 0 -176.673 3.79026 1.87216 0.0521126 1.87144 3.07051 0.126481 3.0679 
1898 0 -176.673 3.79026 1.87216 0.0521265 1.87144 3.07051 0.126504 3.0679 
1899 0 -176.673 3.79025 1.87216 0.0521224 1.87144 3.07051 0.126497 3.0679 
1900 0 -176.673 3.79025 1.82373 -0.0213155 1.8236 2.94414 -0.0352441 2.94393 
1900 0 -176.673 3.79024 1.82373 -0.0213191 1.8236 2.94414 -0.03525 2.94393 
1901 0 -176.673 3.79021 2.07002 -0.0519082 2.06937 3.17197 -0.063543 3.17133 
1901 0 -176.673 3.79019 2.07002 -0.0519195 2.06937 3.17197 -0.0635604 3.17133 
1902 0 -176.673 3.79017 2.07002 -0.0519288 2.06937 3.17197 -0.0635746 3.17133 
1903 0 -176.673 3.79016 1.80937 -0.0546859 1.80855 2.8991 -0.0664612 2.89834 
1903 0 -176.673 3.79014 1.80937 -0.0546721 1.80855 2.8991 -0.066439 2.89834 
1904 0 -176.673 3.79013 1.80937 -0.0546627 1.80855 2.8991 -0.066424 2.89834 
1905 0 -176.673 3.79014 1.79025 -0.00625497 1.79024 2.89411 0.044409 2.89377 
1905 0 -176.673 3.79013 1.79025 -0.00625684 1.79024 2.89411 0.044406 2.89377 
1906 0 -176.673 3.79013 1.79025 -0.00625637 1.79024 2.89411 0.0444068 2.89377 
1907 0 -176.673 3.79012 1.65076 0.0165723 1.65067 2.56934 0.0977805 2.56748 
1907 0 -176.673 3.79013 1.65076 0.0165746 1.65067 2.56934 0.0977841 2.56748 
1908 0 -176.673 3.79012 1.65076 0.016586 1.65067 2.56934 0.0978018 2.56748 
1908 0 -176.673 3.79012 1.65076 0.016589 1.65067 2.56934 0.0978066 2.56748 
1909 0 -176.673 3.7901 1.65076 0.0166074 1.65067 2.56934 0.0978352 2.56747 
1910 0 -176.673 3.7901 1.65076 0.0166163 1.65067 2.56934 0.097849 2.56747 
1910 0 -176.673 3.79008 1.65076 0.0166116 1.65067 2.56934 0.0978418 2.56747 
1911 0 -176.673 3.79008 1.65076 0.0166116 1.65067 2.56934 0.0978418 2.56747 
1911 0 -176.673 3.79006 1.65076 0.0166112 1.65067 2.56934 0.0978411 2.56747 
1912 0 -176.673 3.79273 1.65076 0.0166217 1.65067 2.56934 0.0978574 2.56747 
1913 0 -176.673 3.79276 1.65076 0.0166085 1.65067 2.56934 0.097837 2.56747 
1913 0 -176.673 3.79278 1.65076 0.0166265 1.65067 2.56934 0.097865 2.56747 
1914 0 -176.673 3.79283 1.65076 0.0166297 1.65067 2.56934 0.0978699 2.56747 
1915 0 -176.673 3.79286 1.65076 0.0166287 1.65067 2.56934 0.0978682 2.56747 
1915 0 -176.673 3.7929 1.65076 0.016629 1.65067 2.56934 0.0978688 2.56747 
1916 0 -176.673 3.79296 1.65076 0.0166331 1.65067 2.56934 0.0978751 2.56747 
1916 0 -176.673 3.79301 1.65076 0.0166352 1.65067 2.56934 0.0978784 2.56747 
1917 0 -176.673 3.79306 1.65076 0.0166325 1.65067 2.56934 0.0978742 2.56747 
1918 0 -176.673 3.7931 1.65076 0.0166259 1.65067 2.56934 0.0978639 2.56747 
1918 0 -176.673 3.79314 1.65076 0.0166154 1.65067 2.56934 0.0978476 2.56747 
1919 0 -176.673 3.79319 1.65076 0.0166121 1.65067 2.56934 0.0978425 2.56747 
1919 0 -176.673 3.79322 1.65076 0.0166147 1.65067 2.56934 0.0978465 2.56747 
1920 0 -176.673 3.79326 1.65076 0.0166145 1.65067 2.56934 0.0978463 2.56747 
1921 0 -176.673 3.79329 1.65076 0.0166092 1.65067 2.56934 0.097838 2.56747 
1921 0 -176.673 3.79333 1.65076 0.0166096 1.65067 2.56934 0.0978386 2.56747 
1922 0 -176.673 3.79338 1.65076 0.0166105 1.65067 2.56934 0.09784 2.56747 
1923 0 -176.673 3.7934 1.65076 0.0166104 1.65067 2.56934 0.0978399 2.56747 
1923 0 -176.673 3.79344 1.65076 0.0166048 1.65067 2.56934 0.0978312 2.56747 
1924 0 -176.673 3.79348 1.65076 0.0166041 1.65067 2.56934 0.09783 2.56747 
1925 1925 1926 1926 1927 1928 1928 1929 1930 1930 1931 1931 1932 1932 1933 1933 1934 1935 1935 1936 1936 1937 1937 1938 1938 1939 1940 1940 1941 1941 1942 1942 1943 1944 1944 1945 1945 1946 1946 1947 1947 1948 1949 1949 1950 1950 1951 1951 1952 1953 1953 1954 1954 1955 1955 1956 1956 1957 1958 1958 1959 1959 1960 1960 1961 1962 1962 1963 1963 1964 1964 1965 1966 1966 1967 1967 1968 1968 1969 1969 1970 1971 1971 1972 1972 1973 1973 1974 1975 1975 1976 1976 1977 1977 1978 1978 1979 1980 1980 1981 1981 1982 1982 1983 1984 1984 1985 1985 1986 1986 1987 1988 1988 1989 1989 1990 1990 1991 1992 1992 1993 1993 1994 1994 1995 1995 1996 1997 1997 1998 1998 1999 1999 2000 2001 2001 2002 2002 2003 2004 2004 2005 2005 2006 2006 2007 