122 0 -176.673 3.80373 1.09642 0.0464996 1.09544 1.68238 -0.0463748 1.68174 
123 0 -176.673 3.80379 1.09642 0.0465028 1.09544 1.68238 -0.0463698 1.68174 
124 0 -176.674 3.80388 1.08302 0.111517 1.07726 1.88376 0.0300542 1.88352 
124 0 -176.674 3.80397 1.08302 0.111526 1.07726 1.88376 0.0300698 1.88352 
125 0 -176.674 3.80403 1.11962 0.115178 1.11368 1.91552 0.0332538 1.91524 
125 0 -176.674 3.80409 1.11962 0.115175 1.11368 1.91552 0.0332482 1.91524 
126 0 -176.674 3.80419 0.971077 -0.144719 0.960233 1.79003 -0.205068 1.77825 
127 0 -176.674 3.80428 1.01041 -0.128853 1.00216 1.86902 -0.173785 1.86092 
127 0 -176.674 3.80436 1.01041 -0.12885 1.00216 1.86902 -0.173778 1.86092 
128 0 -176.674 3.80448 1.19284 0.12605 1.18616 2.02183 0.0484929 2.02125 
129 0 -176.674 3.80456 0.96367 -0.0236979 0.963379 1.59253 -0.250906 1.57264 
129 0 -176.674 3.80464 0.96367 -0.0236967 0.963379 1.59253 -0.250904 1.57264 
130 0 -176.674 3.80473 0.96367 -0.0236962 0.963379 1.59253 -0.250903 1.57264 
131 0 -176.674 3.80482 1.04121 -0.0528241 1.03987 1.74966 -0.307913 1.72235 
131 0 -176.674 3.8049 1.04121 -0.0528228 1.03987 1.74966 -0.307911 1.72235 
132 0 -176.674 3.80493 1.04121 -0.0528207 1.03987 1.74966 -0.307907 1.72235 
133 0 -176.674 3.80502 1.00504 -0.0564752 1.00345 1.72759 -0.310205 1.69951 
134 0 -176.674 3.80514 1.00504 -0.0564696 1.00345 1.72759 -0.310196 1.69951 
134 0 -176.674 3.8052 1.00504 -0.056469 1.00345 1.72759 -0.310195 1.69951 
135 0 -176.674 3.80528 1.01827 -0.0551376 1.01678 1.74455 -0.308443 1.71707 
135 0 -176.674 3.80538 1.01827 -0.0551393 1.01678 1.74455 -0.308445 1.71707 
136 0 -176.674 3.8055 1.02182 -0.0547837 1.02035 1.64516 -0.318777 1.61398 
137 0 -176.674 3.80553 1.04464 -0.14034 1.03517 1.78616 -0.387006 1.74373 
137 0 -176.674 3.80563 1.04464 -0.140338 1.03517 1.78616 -0.387004 1.74373 
138 0 -176.674 3.80577 1.13358 -0.112648 1.12797 1.86476 -0.361442 1.8294 
139 0 -176.674 3.80583 1.06301 -0.101245 1.05818 1.79802 -0.350671 1.76349 
139 0 -176.674 3.8059 1.06301 -0.101238 1.05818 1.79802 -0.35066 1.76349 
140 0 -176.674 3.80601 1.07661 -0.142056 1.0672 1.81393 -0.388487 1.77185 
141 0 -176.674 3.80613 0.772069 -0.0195791 0.77182 1.06887 -0.0952356 1.06462 
141 0 -176.674 3.80621 0.772069 -0.0195739 0.77182 1.06887 -0.0952285 1.06462 
142 0 -176.674 3.80635 0.821701 -0.0145956 0.821571 1.11393 -0.0906663 1.11024 
143 0 -176.674 3.80643 0.914078 -0.0286953 0.913627 1.33068 -0.118521 1.3254 
143 0 -176.674 3.80656 0.914078 -0.0286958 0.913627 1.33068 -0.118522 1.3254 
144 0 -176.674 3.80663 0.96367 -0.023714 0.963378 1.38162 -0.113359 1.37696 
144 0 -176.674 3.80667 0.96367 -0.0237152 0.963378 1.38162 -0.113361 1.37696 
145 0 -176.674 3.80371 0.97141 0.0972967 0.966525 1.37994 0.00112246 1.37994 
146 0 -176.674 3.80378 1.0748 0.0827019 1.07161 1.58183 -0.0277055 1.58159 
146 0 -176.674 3.80385 1.0748 0.0826996 1.07161 1.58183 -0.0277089 1.58159 
147 0 -176.674 3.80391 0.921954 -0.0784343 0.918612 1.45807 -0.168015 1.44836 
148 0 -176.674 3.80402 1.13842 -0.0295304 1.13803 1.88467 -0.0736859 1.88323 
149 0 -176.674 3.8041 1.13842 -0.029529 1.13803 1.88467 -0.0736836 1.88323 
149 0 -176.674 3.80417 1.13842 -0.0295285 1.13803 1.88467 -0.0736826 1.88323 
150 0 -176.674 3.80427 1.23924 0.127096 1.2327 1.88034 0.0910495 1.87814 
151 0 -176.674 3.80434 1.30761 0.115683 1.30249 2.00907 0.0698383 2.00786 
151 0 -176.674 3.80438 1.30761 0.115674 1.30249 2.00907 0.0698241 2.00786 
152 0 -176.674 3.80443 1.29422 0.114343 1.28916 1.98285 0.0672124 1.98172 
153 0 -176.674 3.80448 1.36284 0.10294 1.35894 2.11874 0.0449006 2.11826 
153 0 -176.674 3.80452 1.36284 0.102939 1.35894 2.11874 0.0448987 2.11826 
154 0 -176.674 3.80458 1.5094 0.00765388 1.50938 2.26346 -0.0453787 2.263 
154 0 -176.674 3.80468 1.5094 0.00766069 1.50938 2.26346 -0.0453685 2.263 
155 0 -176.674 3.80477 1.5094 0.00764367 1.50938 2.26229 -0.0455111 2.26183 
156 0 -176.674 3.80483 1.43091 -0.0370486 1.43043 2.08245 -0.148172 2.07717 
156 0 -176.674 3.80492 1.43091 -0.0370493 1.43043 2.08245 -0.148173 2.07717 
157 0 -176.674 3.80502 1.51594 -0.0838891 1.51362 2.15352 -0.190442 2.14508 
158 0 -176.674 3.8051 1.51594 -0.0838895 1.51362 2.15352 -0.190442 2.14508 
158 0 -176.674 3.80521 1.51594 -0.0838852 1.51362 2.15352 -0.190436 2.14508 
159 0 -176.674 3.80534 1.596 -0.0708435 1.59443 2.22526 -0.177782 2.21815 
160 0 -176.674 3.8054 1.596 -0.070849 1.59443 2.22526 -0.177789 2.21815 
160 0 -176.674 3.80552 1.596 -0.0708522 1.59443 2.22526 -0.177794 2.21814 
161 0 -176.674 3.8056 1.61273 -0.0925872 1.61007 2.2386 -0.197051 2.22991 
162 0 -176.674 3.80568 1.33587 -0.0970905 1.33234 1.65447 -0.206592 1.64152 
162 0 -176.674 3.80573 1.33587 -0.0970917 1.33234 1.65447 -0.206593 1.64152 
163 0 -176.674 3.80582 1.33587 -0.0971 1.33234 1.64453 -0.20762 1.63137 
164 0 -176.674 3.80591 1.37195 -0.0934344 1.36876 1.71139 -0.200766 1.69958 
165 0 -176.674 3.806 1.27112 -0.0900859 1.26792 1.50551 -0.195461 1.49277 
165 0 -176.674 3.8061 1.27112 -0.0900923 1.26792 1.50551 -0.195469 1.49277 
166 0 -176.674 3.80624 1.39483 -0.0911481 1.39185 1.61494 -0.196409 1.60296 
167 0 -176.674 3.80632 1.49017 -0.0580827 1.48904 1.79017 -0.130306 1.78542 
167 0 -176.674 3.80635 1.49017 -0.0580829 1.48904 1.79017 -0.130306 1.78542 
168 0 -176.674 3.80648 1.77908 -0.0659369 1.77786 2.04193 -0.137157 2.03732 
169 0 -176.674 3.80375 1.61831 -0.193433 1.60671 1.90848 -0.244881 1.8927 
169 0 -176.674 3.80379 1.61831 -0.193422 1.60671 1.90848 -0.244869 1.8927 
170 0 -176.674 3.80387 1.58342 -0.178362 1.57334 1.80888 -0.220416 1.7954 
171 0 -176.674 3.80391 1.58342 -0.178356 1.57334 1.80888 -0.22041 1.7954 
171 0 -176.674 3.80397 1.58342 -0.178356 1.57334 1.80888 -0.220409 1.7954 
171 0 -176.674 3.804 1.58342 -0.178346 1.57335 1.80888 -0.220398 1.79541 
172 0 -176.674 3.80404 1.59956 -0.168072 1.59071 1.75319 -0.199164 1.74184 
172 0 -176.674 3.80408 1.59956 -0.168071 1.59071 1.75319 -0.199163 1.74184 
173 0 -176.674 3.80412 1.35654 -0.0814239 1.3541 1.52168 -0.116895 1.51718 
173 0 -176.674 3.80416 1.35654 -0.0814292 1.3541 1.52168 -0.1169 1.51718 
174 0 -176.674 3.80419 1.47475 -0.069507 1.47311 1.72886 -0.0959618 1.72619 
174 0 -176.674 3.80421 1.47475 -0.0695029 1.47311 1.72886 -0.0959571 1.72619 
175 0 -176.674 3.80426 1.53278 -0.0267682 1.53255 1.80827 -0.00357351 1.80827 
175 0 -176.674 3.80428 1.53278 -0.0267716 1.53255 1.80827 -0.0035775 1.80827 
175 0 -176.674 3.80435 1.53278 -0.0267754 1.53255 1.80827 -0.003582 1.80827 
176 0 -176.674 3.80437 1.41642 0.035123 1.41599 1.71111 0.0531183 1.71028 
176 0 -176.674 3.80439 1.41642 0.0351223 1.41599 1.71111 0.0531175 1.71028 
177 0 -176.674 3.80442 1.45606 0.0023546 1.45606 1.77237 0.00234156 1.77237 
177 0 -176.674 3.80447 1.45606 0.00235986 1.45606 1.77237 0.00234796 1.77237 
178 0 -176.674 3.80454 1.54816 -0.0117366 1.54811 1.96106 -0.0345958 1.96076 
178 0 -176.674 3.80458 1.54816 -0.0117403 1.54811 1.96106 -0.0346004 1.96076 
178 0 -176.674 3.80462 1.54816 -0.0117464 1.54811 1.96106 -0.0346082 1.96076 
179 0 -176.674 3.80464 1.63841 -0.0395366 1.63793 2.04303 -0.0597949 2.04216 
179 0 -176.674 3.80469 1.63841 -0.0395426 1.63793 2.04303 -0.0598023 2.04216 
180 0 -176.674 3.80473 1.6552 -0.0144997 1.65514 2.10741 -0.0328315 2.10715 
180 0 -176.674 3.80478 1.6552 -0.0145094 1.65514 2.10741 -0.0328437 2.10715 
181 0 -176.674 3.80483 1.76205 0.069627 1.76067 2.25617 0.0846948 2.25458 
181 0 -176.674 3.80485 1.76205 0.0696337 1.76067 2.25617 0.0847034 2.25458 
181 0 -176.674 3.80487 1.76205 0.069629 1.76067 2.25617 0.0846974 2.25458 
182 0 -176.674 3.80493 1.75822 -0.00418384 1.75821 2.25925 0.0168298 2.25919 
182 0 -176.675 3.80495 1.75822 -0.00418315 1.75821 2.25925 0.0168307 2.25919 
183 0 -176.675 3.805 1.77563 -0.0392682 1.77519 2.26552 -0.0337288 2.26527 
183 0 -176.675 3.80504 1.77563 -0.0392707 1.77519 2.26552 -0.033732 2.26527 
184 0 -176.675 3.80509 1.72957 -0.0438993 1.72901 2.18814 -0.041501 2.18775 
184 0 -176.675 3.80514 1.72957 -0.0438896 1.72901 2.18814 -0.0414887 2.18775 
185 0 -176.675 3.80519 1.77405 -0.0259234 1.77386 2.31164 -0.0170993 2.31158 
185 0 -176.675 3.80525 1.77405 -0.0259305 1.77386 2.31164 -0.0171085 2.31158 
186 0 -176.675 3.80531 1.54609 -0.0254438 1.54588 1.86779 -0.0161647 1.86772 
186 0 -176.675 3.80534 1.54609 -0.0254395 1.54588 1.86779 -0.0161596 1.86772 
186 0 -176.675 3.8054 1.54609 -0.0254324 1.54588 1.86779 -0.0161511 1.86772 
187 0 -176.674 3.80549 1.30687 -0.012608 1.3068 1.661 -0.00478946 1.661 
187 0 -176.674 3.80555 1.30687 -0.0126146 1.3068 1.661 -0.00479784 1.661 
188 0 -176.674 3.80561 1.30547 0.000711098 1.30547 1.65916 0.0141374 1.6591 
188 0 -176.675 3.80567 1.30547 0.000712905 1.30547 1.65916 0.0141397 1.6591 
189 0 -176.675 3.80573 1.4734 -0.0327422 1.47304 1.91151 -0.0306918 1.91127 
189 0 -176.675 3.80575 1.4734 -0.0327389 1.47304 1.91151 -0.0306875 1.91127 
190 0 -176.675 3.80585 1.4734 -0.032743 1.47304 1.91151 -0.0306929 1.91127 
190 0 -176.675 3.8059 1.4734 -0.0327366 1.47304 1.91151 -0.0306845 1.91127 
191 0 -176.675 3.80592 1.82783 0.0395611 1.8274 2.19392 0.0292999 2.19373 
192 0 -176.674 3.80345 1.8974 0.0281867 1.89719 2.31153 0.0100914 2.3115 
193 0 -176.674 3.80349 1.69202 0.00762067 1.692 2.02633 -0.0184987 2.02625 
193 0 -176.674 3.80353 1.69202 0.00761523 1.692 2.02633 -0.0185053 2.02625 
194 0 -176.674 3.80358 1.69873 -0.0101115 1.6987 1.99118 -0.0365612 1.99085 
195 0 -176.674 3.80363 1.71026 -0.0642705 1.70906 2.04819 -0.0946563 2.04601 
196 0 -176.674 3.80367 1.67641 -0.0492402 1.67569 1.99751 -0.0760105 1.99606 
196 0 -176.674 3.8037 1.67641 -0.0492402 1.67569 1.99751 -0.0760105 1.99606 
197 0 -176.674 3.80375 1.49644 -0.0304455 1.49613 1.72853 -0.0332404 1.72821 
198 0 -176.674 3.80377 1.48273 0.00499413 1.48272 1.79052 0.00633493 1.79051 
198 0 -176.674 3.80379 1.48273 0.0050006 1.48272 1.79052 0.00634274 1.79051 
199 0 -176.674 3.80381 1.40012 -0.00327452 1.40012 1.66815 -0.00591667 1.66814 
200 0 -176.674 3.80383 1.49156 -0.0678461 1.49002 1.96615 -0.0790079 1.96456 
200 0 -176.675 3.80387 1.49156 -0.067844 1.49002 1.96615 -0.079005 1.96456 
201 0 -176.675 3.80392 1.40631 -0.0026463 1.40631 1.8869 -0.0184422 1.88681 
202 0 -176.675 3.80397 1.72474 0.0793176 1.72292 2.49515 0.118122 2.49236 
203 0 -176.675 3.80399 1.72474 0.0793182 1.72292 2.49515 0.118123 2.49236 
203 0 -176.675 3.80405 1.72474 0.079323 1.72292 2.49515 0.11813 2.49236 
204 0 -176.675 3.80415 1.78589 -0.011255 1.78585 2.44581 0.0351633 2.44556 
205 0 -176.675 3.80419 1.8587 -0.00393825 1.85869 2.59305 0.0499184 2.59257 
205 0 -176.674 3.80428 1.8587 -0.00394409 1.85869 2.59305 0.0499102 2.59257 
206 0 -176.674 3.80434 1.80896 -0.00891579 1.80894 2.54779 0.0454016 2.54739 
207 0 -176.674 3.80436 1.84679 -0.0185883 1.8467 2.61152 0.0326885 2.61132 
208 0 -176.674 3.8044 1.64275 0.011227 1.64271 2.32792 0.0742841 2.32673 
208 0 -176.674 3.80444 1.64275 0.0112318 1.64271 2.32792 0.0742909 2.32673 
209 0 -176.675 3.80448 1.70811 -0.00554704 1.7081 2.3815 0.0604309 2.38073 
210 0 -176.675 3.80452 1.26891 -0.0767204 1.26659 2.01528 0.00151952 2.01528 
210 0 -176.675 3.80458 1.26891 -0.0767135 1.26659 2.01528 0.00153039 2.01528 
211 0 -176.675 3.80464 1.36027 -0.0490311 1.35939 2.03887 0.0348901 2.03857 
212 0 -176.675 3.80467 1.36027 -0.0490403 1.35939 2.03887 0.0348764 2.03857 
212 0 -176.675 3.80473 1.36027 -0.0490502 1.35939 2.03887 0.0348615 2.03857 
213 0 -176.675 3.80478 1.41917 -0.0751169 1.41718 2.09686 0.0105811 2.09683 
214 0 -176.675 3.80481 1.3489 -0.0637192 1.34739 1.98628 0.0286703 1.98608 
214 0 -176.675 3.80482 1.3489 -0.0637157 1.34739 1.98628 0.0286755 1.98608 
215 0 -176.674 3.8031 1.85332 0.000467818 1.85332 2.42902 0.101852 2.42689 
216 0 -176.674 3.80312 1.85116 0.0235508 1.85101 2.42797 0.121206 2.42495 
216 0 -176.674 3.80312 1.85116 0.023547 1.85101 2.42797 0.121201 2.42495 
217 0 -176.674 3.80313 1.84439 0.00450032 1.84438 2.34658 0.0964649 2.3446 
218 0 -176.674 3.80315 1.84439 0.00448887 1.84438 2.34658 0.0964504 2.3446 
219 0 -176.674 3.80315 1.76074 -0.0272278 1.76053 2.10996 0.02924 2.10975 
219 0 -176.674 3.80316 1.76074 -0.0272332 1.76053 2.10996 0.0292336 2.10975 
220 0 -176.674 3.80317 1.8965 -0.0136298 1.89645 2.21656 0.0398811 2.2162 
221 0 -176.674 3.80318 1.56223 -0.0471791 1.56152 1.60732 -0.0186847 1.60721 
221 0 -176.674 3.80318 1.56223 -0.0471684 1.56152 1.60732 -0.0186737 1.60721 
222 0 -176.674 3.8032 1.62512 -0.0408363 1.6246 1.66385 -0.0129919 1.6638 
223 0 -176.674 3.80322 1.39329 0.032842 1.3929 1.47731 0.0465434 1.47657 
223 0 -176.674 3.80324 1.39329 0.0328467 1.3929 1.47731 0.0465485 1.47657 
224 0 -176.674 3.80327 1.41774 0.0719411 1.41591 1.41402 0.0718092 1.41219 
225 0 -176.674 3.8033 1.41774 0.071934 1.41591 1.41402 0.071802 1.41219 
225 0 -176.674 3.80333 1.41774 0.0719387 1.41591 1.41402 0.0718067 1.41219 
226 0 -176.674 3.80335 1.88029 0.0582784 1.87939 1.81666 0.0562653 1.81579 
227 0 -176.674 3.80337 1.88029 0.0582777 1.87939 1.81666 0.0562647 1.81579 
227 0 -176.674 3.80339 1.88029 0.0582748 1.87939 1.81666 0.0562619 1.81579 
228 0 -176.674 3.8034 1.88485 0.0636312 1.88378 1.8298 0.0591426 1.82884 
229 0 -176.674 3.8034 1.88485 0.0636458 1.88378 1.8298 0.0591567 1.82884 
229 0 -176.674 3.80342 1.88485 0.0636477 1.88378 1.8298 0.0591585 1.82884 
230 0 -176.674 3.80343 1.73655 0.11714 1.7326 1.70016 0.102042 1.69709 
231 0 -176.674 3.80344 1.73655 0.117158 1.73259 1.70016 0.10206 1.69709 
232 0 -176.674 3.80347 1.81837 0.120434 1.81437 1.94145 0.0771699 1.93992 
232 0 -176.674 3.80349 1.81837 0.120439 1.81437 1.94145 0.0771753 1.93992 
233 0 -176.674 3.80352 1.81837 0.120418 1.81438 1.94145 0.0771527 1.93992 
234 0 -176.674 3.80354 1.30384 0.0739763 1.30174 1.4874 0.0361198 1.48696 
234 0 -176.674 3.80357 1.30384 0.0739744 1.30174 1.4874 0.0361176 1.48696 
235 0 -176.674 3.80359 1.5 -0.029998 1.4997 1.66733 -0.0580834 1.66632 
236 0 -176.674 3.80359 1.72047 0.00560203 1.72046 2.23549 0.00494589 2.23548 
236 0 -176.674 3.80359 1.72047 0.0056108 1.72046 2.23549 0.0049573 2.23548 
237 0 -176.674 3.80359 1.79025 -0.005788 1.79024 2.29805 -0.00526284 2.29805 
238 0 -176.674 3.80359 1.74846 -0.0050487 1.74845 2.22924 -0.0054247 2.22924 
238 0 -176.674 3.8036 1.74846 -0.00505161 1.74845 2.22924 -0.00542841 2.22924 
239 0 -176.673 3.80293 1.69046 -0.0243604 1.69028 2.19278 -0.0212133 2.19268 
240 0 -176.673 3.80292 1.65571 -0.0413281 1.6552 2.12257 -0.0554773 2.12185 
240 0 -176.673 3.80292 1.65571 -0.041345 1.6552 2.12257 -0.055499 2.12185 
241 0 -176.673 3.80292 1.72957 -0.0438052 1.72901 2.17552 -0.0580832 2.17474 
242 0 -176.673 3.80292 1.72957 -0.0438139 1.72901 2.17552 -0.0580941 2.17474 
242 0 -176.673 3.80294 1.72957 -0.0438142 1.72901 2.17552 -0.0580944 2.17474 
243 0 -176.673 3.80296 1.6887 -0.108311 1.68523 2.14063 -0.113901 2.13759 
244 0 -176.673 3.80298 1.6887 -0.108304 1.68523 2.14063 -0.113892 2.1376 
244 0 -176.673 3.80299 1.6887 -0.108295 1.68523 2.14063 -0.113881 2.1376 
245 0 -176.673 3.803 1.3072 -0.0863485 1.30435 1.77484 -0.0944843 1.77232 
246 0 -176.673 3.80301 1.40593 -0.076378 1.40385 1.96254 -0.075567 1.96108 
247 0 -176.673 3.80301 1.33565 -0.0649827 1.33406 1.89514 -0.0646197 1.89404 
247 0 -176.673 3.80301 1.33565 -0.0649769 1.33406 1.89514 -0.0646114 1.89404 
248 0 -176.673 3.80302 1.42328 -0.0696637 1.42157 1.97513 -0.0688878 1.97393 
248 0 -176.673 3.80302 1.42328 -0.0696516 1.42157 1.97513 -0.068871 1.97393 
249 0 -176.673 3.80301 1.78045 -0.0755371 1.77885 2.31036 -0.0661265 2.30941 
250 0 -176.673 3.80302 1.85068 -0.0869391 1.84863 2.44116 -0.087393 2.43959 
250 0 -176.673 3.80303 1.85068 -0.0869423 1.84863 2.44116 -0.0873972 2.43959 
251 0 -176.673 3.80304 1.74979 -0.0835878 1.74779 2.18038 -0.0565677 2.17965 
252 0 -176.673 3.80305 1.80897 -0.0776336 1.8073 2.29341 -0.0452216 2.29297 
252 0 -176.673 3.80306 1.80897 -0.0776403 1.8073 2.29341 -0.04523 2.29297 
253 0 -176.673 3.80307 1.72047 0.00561454 1.72046 2.20674 0.0377346 2.20642 
254 0 -176.673 3.80308 1.66433 0.0867969 1.66207 2.30628 0.0866057 2.30465 
254 0 -176.673 3.80308 1.66433 0.0867939 1.66207 2.30628 0.0866016 2.30465 
255 0 -176.673 3.80309 1.37295 0.0626097 1.37152 1.67248 0.0339399 1.67214 
256 0 -176.673 3.80309 1.30384 0.0739984 1.30174 1.61018 0.0441476 1.60957 
256 0 -176.673 3.80309 1.30384 0.0740041 1.30174 1.61018 0.0441546 1.60957 
257 0 -176.673 3.80309 1.23491 0.0853866 1.23195 1.4709 0.0670337 1.46937 
258 0 -176.673 3.80309 1.38071 -0.0150008 1.38062 1.92241 -0.169313 1.91494 
258 0 -176.673 3.80308 1.38071 -0.0149977 1.38062 1.92241 -0.169308 1.91494 
259 0 -176.673 3.80308 1.43407 0.0454526 1.43335 1.96362 -0.117538 1.9601 
260 0 -176.673 3.80308 1.35658 -0.0075727 1.35656 1.99244 -0.2261 1.97957 
260 0 -176.673 3.80308 1.35658 -0.00757595 1.35656 1.99244 -0.226104 1.97957 
261 0 -176.673 3.80308 1.37966 -0.0052562 1.37965 2.01253 -0.224047 2.00002 
262 0 -176.673 3.80214 1.60183 0.0170045 1.60174 2.54943 -0.199331 2.54162 
262 0 -176.673 3.80215 1.60183 0.0170088 1.60174 2.54943 -0.199324 2.54162 
263 0 -176.673 3.80216 1.60183 0.0170273 1.60174 2.54943 -0.199295 2.54162 
264 0 -176.672 3.80216 1.65521 0.0223837 1.65506 2.83854 -0.170023 2.83345 
264 0 -176.672 3.80217 1.65521 0.0223837 1.65506 2.83854 -0.170023 2.83345 
265 0 -176.672 3.80218 1.69168 0.0260358 1.69148 2.76733 -0.177219 2.76165 
266 0 -176.672 3.80218 1.69168 0.0260375 1.69148 2.76733 -0.177216 2.76165 
266 0 -176.672 3.80217 1.69168 0.0260538 1.69148 2.76733 -0.177189 2.76165 
267 0 -176.672 3.80216 1.63178 0.0236471 1.63161 2.71367 -0.179583 2.70772 
268 0 -176.672 3.80214 1.26358 -0.0402429 1.26294 2.37502 -0.239336 2.36293 
268 0 -176.672 3.8021 1.26358 -0.0402332 1.26294 2.37502 -0.239318 2.36293 
269 0 -176.672 3.80206 1.58102 -0.0501359 1.58022 2.56417 -0.235697 2.55331 
270 0 -176.672 3.80205 1.47183 -0.0192954 1.4717 2.46596 -0.208362 2.45714 
270 0 -176.672 3.80203 1.47183 -0.0192953 1.4717 2.46596 -0.208362 2.45714 
271 0 -176.672 3.80201 1.62232 0.0191068 1.62221 2.52568 -0.182709 2.51907 
272 0 -176.672 3.802 1.71026 -0.0641579 1.70906 2.61912 -0.265688 2.60561 
272 0 -176.672 3.802 1.71026 -0.064152 1.70906 2.61912 -0.265679 2.60561 
273 0 -176.672 3.80199 1.55453 -0.116875 1.55013 2.32897 -0.284836 2.31149 
274 0 -176.672 3.80198 1.55453 -0.116882 1.55013 2.32897 -0.284846 2.31149 
274 0 -176.672 3.80198 1.55453 -0.116894 1.55013 2.32897 -0.284863 2.31148 
275 0 -176.672 3.80199 1.73349 0.0754074 1.73185 2.47273 -0.117172 2.46995 
276 0 -176.672 3.80198 1.80278 0.0639931 1.80164 2.62401 -0.141732 2.62018 
276 0 -176.672 3.80198 1.80278 0.0639853 1.80164 2.62401 -0.141743 2.62018 
277 0 -176.672 3.80197 1.58437 0.170037 1.57522 2.10708 0.0996917 2.10472 
278 0 -176.672 3.80196 1.66433 0.086783 1.66207 2.32667 0.00428648 2.32667 
278 0 -176.672 3.80194 1.66433 0.086778 1.66207 2.32667 0.00427943 2.32667 
279 0 -176.672 3.80191 1.60772 0.135933 1.60196 2.20045 0.109741 2.19771 
280 0 -176.672 3.8019 1.67897 0.0650119 1.67771 2.38903 -0.0390698 2.38871 
280 0 -176.672 3.80187 1.67897 0.065016 1.67771 2.38903 -0.0390639 2.38871 
281 0 -176.672 3.80185 1.40487 0.0608596 1.40356 1.80227 -0.0479655 1.80163 
282 0 -176.672 3.80184 1.49135 0.0695015 1.48973 1.98883 -0.0292174 1.98862 
282 0 -176.672 3.80184 1.49135 0.0694977 1.48973 1.98883 -0.0292225 1.98862 
283 0 -176.672 3.80185 1.31842 0.0522398 1.31738 1.59791 -0.0685112 1.59644 
284 0 -176.672 3.80186 1.37094 0.0208111 1.37079 1.87252 -0.116857 1.86887 
284 0 -176.672 3.80186 1.37094 0.0208131 1.37079 1.87252 -0.116855 1.86887 
285 0 -176.672 3.80119 1.37094 0.020817 1.37079 1.87252 -0.116849 1.86888 
286 0 -176.672 3.80121 1.74404 0.044714 1.74347 2.65093 -0.0763066 2.64983 
286 0 -176.672 3.80121 1.74404 0.0447235 1.74347 2.65093 -0.0762922 2.64983 
287 0 -176.672 3.80121 1.74846 -0.00502981 1.74845 2.65701 -0.120615 2.65427 
288 0 -176.672 3.8012 1.45838 0.0161265 1.45829 2.53336 -0.103269 2.53126 
288 0 -176.672 3.80117 1.45838 0.0161208 1.45829 2.53336 -0.103279 2.53125 
289 0 -176.672 3.80113 1.60785 0.0310953 1.60754 2.66029 -0.0904772 2.65875 
290 0 -176.672 3.80109 1.39759 -0.0132711 1.39753 2.48678 -0.127488 2.48351 
290 0 -176.672 3.80105 1.39759 -0.0132666 1.39753 2.48678 -0.12748 2.48351 
291 0 -176.672 3.80099 1.47038 -0.00596094 1.47037 2.54988 -0.121109 2.547 
292 0 -176.672 3.80096 1.49135 0.069552 1.48972 2.56416 -0.0566261 2.56353 
292 0 -176.672 3.80094 1.49135 0.0695499 1.48972 2.56416 -0.0566297 2.56353 
293 0 -176.672 3.80092 1.61439 0.0818338 1.61232 2.66887 -0.0461214 2.66847 
294 0 -176.672 3.80091 1.43485 -0.110458 1.43059 2.5191 -0.213796 2.51001 
294 0 -176.672 3.8009 1.43485 -0.110452 1.43059 2.5191 -0.213785 2.51001 
295 0 -176.672 3.80089 1.71026 -0.0641364 1.70906 2.68632 -0.156971 2.68173 
296 0 -176.672 3.80089 1.71026 -0.0641347 1.70906 2.68632 -0.156969 2.68173 
296 0 -176.672 3.80088 1.71026 -0.064124 1.70906 2.68632 -0.156952 2.68173 
297 0 -176.672 3.80085 1.60937 -0.0607819 1.60822 2.45389 -0.131294 2.45037 
298 0 -176.672 3.80083 1.60937 -0.0607899 1.60822 2.45389 -0.131306 2.45037 
298 0 -176.672 3.80079 1.60937 -0.060797 1.60822 2.45389 -0.131317 2.45037 
299 0 -176.672 3.80075 1.71838 0.0287224 1.71814 2.43035 0.0345866 2.4301 
300 0 -176.672 3.80072 1.71838 0.0287182 1.71814 2.43035 0.0345807 2.4301 
300 0 -176.672 3.8007 1.71838 0.0287119 1.71814 2.43035 0.0345718 2.4301 
301 0 -176.672 3.80066 1.74714 0.0083028 1.74712 2.3468 0.00523197 2.34679 
302 0 -176.672 3.80064 1.78358 0.0119511 1.78354 2.41789 0.0123532 2.41786 
302 0 -176.672 3.80063 1.78358 0.0119504 1.78354 2.41789 0.0123522 2.41786 
303 0 -176.672 3.80063 1.59449 0.0297706 1.59421 2.02905 0.0489933 2.02846 
304 0 -176.672 3.80062 1.64433 0.0347721 1.64396 2.11714 0.0578228 2.11635 
304 0 -176.672 3.80062 1.64433 0.0347653 1.64396 2.11714 0.057814 2.11635 
305 0 -176.672 3.80063 1.30854 0.079391 1.30613 1.37493 0.0856968 1.37226 
305 0 -176.672 3.80062 1.30854 0.0793904 1.30613 1.37493 0.0856962 1.37226 
306 0 -176.672 3.8006 1.49931 0.0251753 1.4991 1.53887 0.0404632 1.53834 
307 0 -176.672 3.8006 1.41249 0.00795961 1.41247 1.3644 0.000876304 1.3644 
307 0 -176.672 3.8006 1.41249 0.00795833 1.41247 1.3644 0.00087506 1.3644 
308 0 -176.673 3.79939 1.45125 -0.0114716 1.45121 1.41052 -0.0160296 1.41043 
309 0 -176.673 3.79936 1.45125 -0.0114728 1.45121 1.41052 -0.0160308 1.41043 
309 0 -176.673 3.79929 1.45125 -0.0114878 1.45121 1.41052 -0.0160453 1.41043 
310 0 -176.673 3.79924 1.45037 -0.0349418 1.44995 1.41088 -0.0367311 1.4104 
311 0 -176.673 3.79916 1.53635 -0.0263037 1.53612 1.59521 -0.0182132 1.5951 
311 0 -176.673 3.79912 1.53635 -0.026299 1.53612 1.59521 -0.0182084 1.5951 
312 0 -176.673 3.79905 1.60292 0.190101 1.5916 1.65215 0.168258 1.64356 
313 0 -176.673 3.79898 1.60292 0.190103 1.5916 1.65215 0.16826 1.64356 
313 0 -176.673 3.79893 1.60292 0.190105 1.5916 1.65215 0.168263 1.64356 
314 0 -176.673 3.7989 1.59254 0.0564253 1.59154 1.63092 0.0484558 1.6302 
315 0 -176.673 3.79885 1.61928 0.0590988 1.6182 1.68353 0.0537178 1.68268 
315 0 -176.673 3.79884 1.61928 0.0590989 1.6182 1.68353 0.0537179 1.68268 
316 0 -176.673 3.79879 1.58142 0.0785335 1.57947 1.64848 0.0716548 1.64692 
317 0 -176.673 3.79876 1.64115 0.0844957 1.63898 1.76424 0.0832151 1.76227 
317 0 -176.673 3.79872 1.64115 0.0844781 1.63898 1.76424 0.0831961 1.76227 
318 0 -176.673 3.79867 1.5948 0.0798417 1.5928 1.71813 0.0785826 1.71633 
318 0 -176.673 3.79863 1.5948 0.0798411 1.5928 1.71813 0.0785819 1.71633 
319 0 -176.673 3.79858 1.79417 0.167877 1.7863 1.90437 0.161031 1.89755 
320 0 -176.673 3.79853 1.68078 0.179643 1.67115 1.80207 0.171621 1.79388 
320 0 -176.673 3.79847 1.68078 0.179643 1.67115 1.80207 0.171622 1.79388 
321 0 -176.673 3.79842 1.71245 0.164599 1.70452 1.79293 0.154133 1.7863 
322 0 -176.673 3.79838 1.71245 0.164595 1.70452 1.79293 0.154129 1.7863 
323 0 -176.673 3.79833 1.78974 0.135823 1.78458 1.93329 0.102789 1.93056 
323 0 -176.673 3.79829 1.78974 0.135837 1.78458 1.93329 0.102805 1.93056 
324 0 -176.673 3.79827 1.7237 0.0744018 1.7221 1.86818 0.0410317 1.86773 
325 0 -176.673 3.79824 1.63587 0.0924286 1.63325 1.90939 -0.0362689 1.90904 
325 0 -176.673 3.79821 1.63587 0.0924379 1.63325 1.90939 -0.036258 1.90905 
326 0 -176.673 3.79818 1.62668 0.109798 1.62297 1.88544 0.00361752 1.88544 
327 0 -176.673 3.79815 1.70941 0.214009 1.69596 2.24958 0.209492 2.2398 
327 0 -176.673 3.79811 1.70941 0.214013 1.69596 2.24958 0.209498 2.2398 
328 0 -176.673 3.79805 1.75028 0.108777 1.7469 2.28698 0.118388 2.28391 
329 0 -176.673 3.79798 1.75443 0.0958031 1.75181 2.37675 0.0736362 2.3756 
329 0 -176.673 3.79795 1.75443 0.0957922 1.75181 2.37675 0.0736215 2.37561 
330 0 -176.673 3.79786 1.75443 0.0957822 1.75181 2.27181 0.0631151 2.27093 
330 0 -176.673 3.79786 1.75443 0.0957822 1.75181 2.27181 0.0631151 2.27093 
331 0 -176.673 3.7978 1.64012 -0.0527897 1.63927 2.17781 -0.0612489 2.17695 
332 0 -176.674 3.79856 1.77279 -0.113347 1.76916 2.48626 -0.201632 2.47807 
332 0 -176.674 3.79852 1.77279 -0.113359 1.76916 2.48626 -0.201649 2.47807 
333 0 -176.674 3.79848 1.42105 -0.0145659 1.42097 2.17249 -0.114085 2.16949 
334 0 -176.674 3.79845 1.59332 0.00272286 1.59332 2.52889 -0.078159 2.52769 
334 0 -176.674 3.79842 1.59332 0.00272668 1.59332 2.52889 -0.0781529 2.52769 
335 0 -176.674 3.7984 1.59332 0.00273054 1.59332 2.52889 -0.0781468 2.52769 
336 0 -176.674 3.79837 1.65877 -0.0140238 1.65871 2.65405 -0.110393 2.65176 
336 0 -176.674 3.79834 1.65877 -0.0140282 1.65871 2.65405 -0.110401 2.65176 
337 0 -176.674 3.79831 1.49644 -0.0303368 1.49613 2.50963 -0.124977 2.50652 
338 0 -176.674 3.79826 1.5919 -0.0995275 1.58878 2.95318 -0.166384 2.94849 
338 0 -176.674 3.79824 1.5919 -0.0995321 1.58878 2.95318 -0.166392 2.94849 
339 0 -176.674 3.79821 1.7039 -0.0882157 1.70162 3.0555 -0.156056 3.05151 
340 0 -176.674 3.79818 1.63364 -0.076808 1.63183 2.99157 -0.145666 2.98802 
340 0 -176.674 3.79815 1.63364 -0.0767985 1.63183 2.99157 -0.145649 2.98802 
341 0 -176.674 3.79812 1.75561 -0.0645162 1.75442 3.10013 -0.134719 3.0972 
342 0 -176.675 3.79811 1.62512 -0.040751 1.62461 2.86653 -0.0922185 2.86505 
342 0 -176.675 3.79809 1.62512 -0.040741 1.62461 2.86653 -0.0922008 2.86505 
343 0 -176.675 3.79807 1.69778 -0.0334298 1.69745 2.92921 -0.0858813 2.92795 
344 0 -176.675 3.79804 1.58919 0.0525232 1.58833 2.71731 0.080982 2.71611 
344 0 -176.675 3.79804 1.58919 0.0525309 1.58833 2.71731 0.0809953 2.71611 
345 0 -176.675 3.798 1.84119 0.041053 1.84073 2.95234 0.0702885 2.9515 
345 0 -176.675 3.79799 1.84119 0.0410525 1.84073 2.95234 0.0702877 2.9515 
346 0 -176.675 3.79794 1.58086 -0.0586916 1.57977 2.42718 -0.131475 2.42362 
347 0 -176.675 3.79792 1.67833 0.0247425 1.67815 2.71539 -0.0891979 2.71392 
347 0 -176.675 3.79788 1.67833 0.0247473 1.67815 2.71539 -0.0891902 2.71392 
348 0 -176.675 3.79785 1.60256 0.0538615 1.60166 2.55894 -0.0301335 2.55877 
349 0 -176.675 3.79782 1.55444 0.0257802 1.55422 2.55784 -0.0772744 2.55668 
349 0 -176.675 3.7978 1.55444 0.0257801 1.55422 2.55784 -0.0772745 2.55668 
350 0 -176.675 3.79776 1.58881 -0.0443824 1.58819 2.5945 -0.14055 2.59069 
351 0 -176.675 3.79772 1.59788 -0.00663238 1.59787 2.57598 -0.0468955 2.57556 
351 0 -176.675 3.7977 1.59788 -0.00663506 1.59787 2.57598 -0.0468999 2.57556 
352 0 -176.675 3.79765 1.60763 -0.00566381 1.60762 2.58443 -0.0460625 2.58402 
352 0 -176.675 3.79763 1.60763 -0.00566684 1.60762 2.58443 -0.0460674 2.58402 
353 0 -176.675 3.79762 1.42216 -0.0242743 1.42195 2.18718 -0.0860133 2.18548 
354 0 -176.675 3.79761 1.74052 -0.0107329 1.74049 2.78079 -0.0607329 2.78012 
355 0 -176.674 3.80003 1.61559 5.91952e-05 1.61559 2.54102 -0.0400449 2.5407 
355 0 -176.674 3.80005 1.61559 5.21451e-05 1.61559 2.54102 -0.0400559 2.5407 
356 0 -176.674 3.80007 1.61264 -0.0186416 1.61253 2.53854 -0.0572684 2.53789 
357 0 -176.674 3.8001 1.32957 -0.0187778 1.32943 1.92184 -0.0604061 1.92089 
357 0 -176.674 3.80013 1.32957 -0.0187783 1.32943 1.92184 -0.0604069 1.92089 
358 0 -176.674 3.80016 1.35721 -0.0528734 1.35618 1.95168 -0.0922184 1.9495 
358 0 -176.674 3.80019 1.35721 -0.052872 1.35618 1.95168 -0.0922163 1.9495 
359 0 -176.674 3.80023 1.42741 -0.0642801 1.42596 2.01812 -0.103011 2.01549 
360 0 -176.674 3.80024 1.37597 -0.0879661 1.37316 2.04798 -0.136348 2.04344 
360 0 -176.674 3.80027 1.37597 -0.0879662 1.37316 2.04798 -0.136348 2.04344 
361 0 -176.674 3.80031 1.37597 -0.087971 1.37316 2.04798 -0.136355 2.04344 
362 0 -176.674 3.80034 1.51522 -0.129451 1.50968 2.45552 -0.218615 2.44577 
362 0 -176.674 3.80036 1.51522 -0.129439 1.50968 2.45552 -0.218595 2.44577 
363 0 -176.674 3.80039 1.51522 -0.129421 1.50968 2.45552 -0.218566 2.44577 
364 0 -176.675 3.80042 1.43981 -0.137086 1.43327 2.58547 -0.247366 2.57361 
364 0 -176.675 3.80045 1.43981 -0.137082 1.43327 2.58547 -0.247358 2.57361 
365 0 -176.675 3.80046 1.43981 -0.137085 1.43327 2.58547 -0.247363 2.57361 
366 0 -176.675 3.80049 1.2891 -0.11528 1.28394 2.24797 -0.198529 2.23919 
366 0 -176.675 3.80052 1.2891 -0.115271 1.28394 2.24797 -0.198514 2.23919 
367 0 -176.675 3.80054 1.37957 -0.0555466 1.37845 2.32497 -0.14726 2.32031 
368 0 -176.675 3.80055 1.35349 -0.0347788 1.35304 2.27235 -0.105398 2.2699 
368 0 -176.675 3.80057 1.35349 -0.0347738 1.35304 2.27235 -0.10539 2.2699 
369 0 -176.675 3.80059 1.30916 -0.0761824 1.30695 2.22713 -0.141911 2.22261 
370 0 -176.675 3.80061 1.16859 -0.0533898 1.16737 1.93896 -0.0952093 1.93662 
370 0 -176.675 3.80063 1.16859 -0.0533932 1.16737 1.93896 -0.0952149 1.93662 
371 0 -176.675 3.80066 1.42462 -0.0141442 1.42455 2.16929 -0.059852 2.16847 
372 0 -176.675 3.80068 1.4113 -0.0154723 1.41122 2.15719 -0.0610556 2.15633 
372 0 -176.675 3.8007 1.4113 -0.0154713 1.41122 2.15719 -0.0610541 2.15633 
373 0 -176.675 3.80073 1.48194 -0.0600717 1.48072 1.96508 -0.118344 1.96151 
373 0 -176.675 3.80077 1.48194 -0.060081 1.48072 1.96508 -0.118356 1.96151 
374 0 -176.675 3.80081 1.48194 -0.0600809 1.48072 1.96508 -0.118356 1.96151 
375 0 -176.675 3.80085 1.48435 -0.0413832 1.48378 1.96693 -0.101137 1.96432 
375 0 -176.675 3.80091 1.48435 -0.0413892 1.48378 1.96693 -0.101145 1.96432 
376 0 -176.675 3.80094 1.66433 0.0868463 1.66206 2.11559 -0.0114698 2.11556 
377 0 -176.675 3.80096 1.52643 0.109637 1.52249 1.98395 0.0100246 1.98393 
377 0 -176.675 3.80066 1.52643 0.109636 1.52249 1.98395 0.0100241 1.98393 
378 0 -176.675 3.8007 1.52643 0.109638 1.52249 1.98088 0.0105296 1.98085 
379 0 -176.675 3.80072 1.45774 0.121025 1.45271 1.84401 0.0329092 1.84372 
379 0 -176.675 3.80076 1.45774 0.121031 1.4527 1.84401 0.0329174 1.84372 
380 0 -176.675 3.8008 1.43003 -0.0185372 1.42991 1.82518 -0.0961588 1.82264 
381 0 -176.675 3.80083 1.29035 0.00425249 1.29034 1.50196 -0.0436934 1.50132 
381 0 -176.675 3.80087 1.29035 0.00425742 1.29034 1.50196 -0.0436876 1.50132 
382 0 -176.675 3.80092 1.86914 0.182126 1.86025 2.01552 0.115758 2.01219 
383 0 -176.675 3.80095 1.69623 0.201258 1.68425 1.65625 0.155248 1.64896 
383 0 -176.675 3.80098 1.69623 0.201248 1.68425 1.65625 0.155239 1.64896 
384 0 -176.675 3.80102 1.73117 0.211376 1.71822 1.68774 0.164407 1.67971 
385 0 -176.675 3.80105 1.79916 0.199986 1.78801 1.82255 0.141994 1.81701 
385 0 -176.675 3.80107 1.79916 0.199986 1.78801 1.82255 0.141994 1.81701 
386 0 -176.676 3.80112 1.76798 0.128856 1.76328 1.80515 0.0797054 1.80339 
387 0 -176.676 3.80114 1.82344 0.11613 1.81974 1.91582 0.0542201 1.91506 
387 0 -176.676 3.80117 1.82344 0.116129 1.81974 1.91582 0.0542188 1.91506 
388 0 -176.676 3.80119 1.77249 0.147579 1.76633 1.87069 0.0813918 1.86892 
388 0 -176.676 3.80122 1.77249 0.147579 1.76633 1.87069 0.081391 1.86892 
389 0 -176.676 3.80127 1.77249 0.147577 1.76633 1.87069 0.0813888 1.86892 
389 0 -176.676 3.80129 1.77249 0.147574 1.76633 1.87069 0.0813857 1.86892 
390 0 -176.676 3.80132 1.50324 0.107333 1.4994 1.62923 0.0451571 1.62861 
391 0 -176.676 3.80137 1.64115 0.0845332 1.63897 1.90819 -0.000504772 1.90819 
391 0 -176.676 3.80141 1.64115 0.0845276 1.63898 1.90819 -0.000511209 1.90819 
392 0 -176.676 3.80144 1.25626 0.11559 1.25093 1.5087 0.031495 1.50837 
393 0 -176.676 3.80147 1.34342 0.173985 1.33211 1.67678 0.147933 1.67024 
393 0 -176.676 3.8015 1.34342 0.17398 1.33211 1.67678 0.147926 1.67024 
394 0 -176.676 3.80154 1.34342 0.173981 1.33211 1.67678 0.147927 1.67024 
395 0 -176.676 3.80158 1.36428 -0.149761 1.35604 1.96638 -0.344157 1.93603 
395 0 -176.676 3.80161 1.36428 -0.149764 1.35604 1.96638 -0.344163 1.93603 
396 0 -176.676 3.80167 1.36428 -0.149759 1.35604 1.96638 -0.344155 1.93603 
397 0 -176.676 3.80172 1.56673 -0.0988897 1.5636 2.47757 -0.249645 2.46496 
2 -176.676 3.80172 0 -0 0 0 -0 0 
397 0 -176.676 3.80173 1.56673 -0.0988855 1.5636 2.47757 -0.249638 2.46496 
2 -176.676 3.80173 0 -0 0 0 -0 0 
398 0 -176.677 3.80181 1.56673 -0.0988873 1.5636 2.47757 -0.249641 2.46496 
1 -176.677 3.80181 0 -0 0 0 -0 0 
399 0 -176.677 3.80185 1.76777 0.215042 1.75464 2.84936 0.245016 2.83881 
399 0 -176.677 3.80188 1.76777 0.215046 1.75464 2.84936 0.245022 2.8388 
400 0 -176.677 3.80189 1.8067 0.238869 1.79084 2.80426 0.279701 2.79027 
400 0 -176.677 3.80192 1.8067 0.238868 1.79084 2.80426 0.2797 2.79027 
401 0 -176.675 3.80126 1.18532 0.0371691 1.18473 2.24738 0.0977538 2.24525 
402 0 -176.675 3.80129 1.3941 0.00297367 1.39409 2.6706 0.0283064 2.67045 
402 0 -176.676 3.80131 1.3941 0.00296058 1.39409 2.6706 0.0282813 2.67045 
403 0 -176.676 3.80134 1.36015 -0.00718224 1.36013 2.63977 0.0190926 2.6397 
404 0 -176.676 3.80136 1.35654 -0.0813645 1.3541 2.6553 -0.157439 2.65063 
404 0 -176.676 3.80138 1.35654 -0.0813613 1.3541 2.6553 -0.157433 2.65063 
405 0 -176.676 3.80141 1.28622 -0.0699632 1.28431 2.58728 -0.146408 2.58313 
406 0 -176.676 3.80144 1.2891 -0.115333 1.28393 2.60037 -0.24237 2.58905 
406 0 -176.676 3.80145 1.2891 -0.11532 1.28393 2.60037 -0.242345 2.58905 
407 0 -176.676 3.80148 1.2891 -0.115312 1.28393 2.60037 -0.242328 2.58905 
408 0 -176.676 3.8015 1.70563 -0.0277342 1.70541 3.4631 -0.0608215 3.46256 
408 0 -176.676 3.80154 1.70563 -0.0277317 1.70541 3.4631 -0.0608164 3.46256 
409 0 -176.676 3.80156 1.73097 -0.0805353 1.7291 3.487 -0.111323 3.48522 
409 0 -176.676 3.80159 1.73097 -0.0805258 1.7291 3.487 -0.111303 3.48522 
410 0 -176.676 3.80163 1.62556 -0.013735 1.62551 3.23977 -0.0240251 3.23969 
411 0 -176.676 3.80166 1.62556 -0.0137435 1.6255 3.23977 -0.0240421 3.23969 
411 0 -176.676 3.80168 1.62556 -0.0137469 1.6255 3.23977 -0.0240488 3.23969 
412 0 -176.676 3.8017 1.72047 0.00563325 1.72046 3.23308 -0.0722729 3.23227 
413 0 -176.676 3.80172 1.78657 -0.0479088 1.78593 3.38021 -0.188932 3.37493 
413 0 -176.676 3.80175 1.78657 -0.0479019 1.78593 3.38021 -0.188919 3.37493 
414 0 -176.676 3.80179 1.58591 0.128913 1.58067 2.95695 0.175625 2.95173 
415 0 -176.676 3.8018 1.74959 0.218063 1.73594 3.25298 0.338449 3.23533 
415 0 -176.676 3.80183 1.74959 0.218068 1.73594 3.25298 0.338458 3.23533 
416 0 -176.676 3.80188 1.46949 0.178606 1.45859 2.65568 0.254245 2.64348 
417 0 -176.676 3.80191 1.55628 0.114404 1.55207 2.86966 0.100094 2.86792 
417 0 -176.676 3.80195 1.55628 0.114403 1.55207 2.86966 0.100091 2.86792 
418 0 -176.676 3.802 1.43462 -0.054961 1.43357 2.57673 -0.260626 2.56351 
418 0 -176.676 3.80201 1.43462 -0.0549634 1.43357 2.57673 -0.260631 2.56351 
419 0 -176.676 3.80206 1.61448 -0.00676434 1.61447 2.76695 -0.210356 2.75894 
420 0 -176.676 3.8021 1.65076 0.0170656 1.65067 2.79941 -0.187871 2.7931 
420 0 -176.676 3.80214 1.65076 0.0170647 1.65067 2.79941 -0.187872 2.7931 
421 0 -176.676 3.80219 1.44222 0.0512581 1.44131 2.37086 -0.118431 2.3679 
421 0 -176.676 3.80222 1.44222 0.0512629 1.44131 2.37086 -0.118423 2.3679 
422 0 -176.676 3.80225 1.44222 0.0512728 1.44131 2.37086 -0.118407 2.3679 
423 0 -176.676 3.80226 1.59022 0.102657 1.58691 2.70629 0.00107212 2.70628 
423 0 -176.676 3.80226 1.59022 0.102657 1.58691 2.70629 0.00107212 2.70628 
424 0 -176.675 3.80281 1.59022 0.102661 1.58691 2.70629 0.00107919 2.70628 
424 0 -176.675 3.80283 1.59022 0.102664 1.58691 2.70629 0.00108407 2.70628 
425 0 -176.675 3.80287 1.69929 0.140282 1.69349 2.73981 0.100531 2.73796 
425 0 -176.675 3.80291 1.69929 0.140275 1.69349 2.73981 0.100519 2.73796 
426 0 -176.675 3.80296 1.73139 0.125229 1.72686 2.77131 0.0860842 2.76997 
427 0 -176.675 3.80298 1.30593 0.0376331 1.30539 1.89886 -0.0954574 1.89646 
427 0 -176.675 3.80301 1.30593 0.0376475 1.30539 1.89886 -0.0954366 1.89646 
428 0 -176.675 3.80308 1.42288 0.0676584 1.42127 2.02152 -0.0688618 2.02034 
428 0 -176.675 3.80312 1.42288 0.067657 1.42127 2.02152 -0.0688638 2.02034 
429 0 -176.675 3.8032 1.38549 0.0236692 1.38529 1.98937 -0.110473 1.9863 
429 0 -176.675 3.80321 1.38549 0.023668 1.38529 1.98937 -0.110474 1.9863 
430 0 -176.675 3.80327 1.46877 0.0820632 1.46647 2.06746 -0.0525743 2.06679 
431 0 -176.675 3.80333 1.36015 -0.00710534 1.36013 2.07115 -0.145869 2.06601 
431 0 -176.675 3.80336 1.36015 -0.00710475 1.36013 2.07115 -0.145868 2.06601 
432 0 -176.675 3.80339 1.58676 0.0706468 1.58519 2.21188 -0.00517114 2.21188 
432 0 -176.675 3.80344 1.58676 0.0706373 1.58519 2.21188 -0.00518446 2.21188 
433 0 -176.675 3.8035 1.58676 0.0706388 1.58519 2.21188 -0.00518235 2.21188 
434 0 -176.675 3.80353 1.43003 -0.0185095 1.42992 1.93559 -0.168003 1.92828 
434 0 -176.675 3.80355 1.43003 -0.0185085 1.42992 1.93559 -0.168001 1.92828 
435 0 -176.675 3.8036 1.43003 -0.0185089 1.42992 1.93559 -0.168002 1.92828 
435 0 -176.675 3.80369 1.43003 -0.0184995 1.42992 1.93559 -0.167989 1.92828 
436 0 -176.675 3.80375 1.45037 -0.0348828 1.44995 1.81441 -0.0907312 1.81214 
436 0 -176.675 3.80379 1.45037 -0.0348809 1.44995 1.81441 -0.0907288 1.81214 
437 0 -176.675 3.80389 1.65076 0.0171188 1.65067 2.00696 -0.0403372 2.00656 
438 0 -176.675 3.80394 1.21037 -0.0540915 1.20916 1.32668 -0.12885 1.3204 
438 0 -176.675 3.80398 1.21037 -0.054089 1.20916 1.32668 -0.128847 1.32041 
439 0 -176.675 3.80402 1.49164 -0.0996564 1.48831 1.60819 -0.174278 1.59872 
439 0 -176.675 3.80411 1.49164 -0.09965 1.48831 1.60819 -0.174272 1.59872 
440 0 -176.675 3.80415 1.49164 -0.0996465 1.48831 1.60819 -0.174268 1.59872 
441 0 -176.675 3.8042 1.57003 -0.0412545 1.56949 1.80187 -0.0282993 1.80165 
441 0 -176.675 3.80423 1.57003 -0.0412433 1.56949 1.80187 -0.0282864 1.80165 
442 0 -176.675 3.8043 1.36015 -0.00707792 1.36013 1.31602 0.0511352 1.31503 
442 0 -176.675 3.80434 1.36015 -0.00707681 1.36013 1.31602 0.0511362 1.31503 
443 0 -176.675 3.80438 1.5 -0.0298668 1.4997 1.45317 0.0286267 1.45288 
444 0 -176.675 3.80443 1.34148 -0.045809 1.34069 1.31676 -0.0352133 1.31629 
444 0 -176.675 3.80447 1.34148 -0.0458066 1.34069 1.31676 -0.0352109 1.31629 
445 0 -176.675 3.80452 1.5551 -0.0292536 1.55482 1.5413 -0.0192124 1.54118 
445 0 -176.675 3.80454 1.5551 -0.0292522 1.55482 1.5413 -0.019211 1.54118 
446 0 -176.675 3.80456 1.5551 -0.0292481 1.55482 1.5413 -0.019207 1.54118 
446 0 -176.674 3.80337 1.5551 -0.0292465 1.55482 1.5413 -0.0192054 1.54118 
447 0 -176.674 3.80341 1.55118 0.00717084 1.55117 1.52608 0.0178888 1.52598 
448 0 -176.674 3.80346 1.66433 0.0869374 1.66206 1.79294 0.201737 1.78156 
448 0 -176.674 3.80348 1.66433 0.0869382 1.66206 1.79294 0.201738 1.78156 
449 0 -176.674 3.80355 1.58114 0.0285456 1.58088 1.70714 0.143841 1.70107 
449 0 -176.674 3.80362 1.58114 0.0285419 1.58088 1.70714 0.143837 1.70107 
450 0 -176.674 3.80369 1.72047 0.00575348 1.72046 1.75657 0.135627 1.75133 
450 0 -176.673 3.80374 1.72047 0.00575061 1.72046 1.75657 0.135624 1.75133 
451 0 -176.673 3.80378 1.43003 -0.0184621 1.42992 1.46705 0.111579 1.4628 
452 0 -176.673 3.80383 1.5 -0.0298621 1.4997 1.64156 0.0827316 1.63947 
452 0 -176.673 3.80386 1.5 -0.0298602 1.4997 1.64156 0.0827337 1.63947 
453 0 -176.673 3.8039 1.5 -0.0298567 1.4997 1.64156 0.0827375 1.63947 
453 0 -176.673 3.80394 1.5 -0.0298568 1.4997 1.64156 0.0827374 1.63947 
454 0 -176.673 3.80398 1.64012 -0.0526454 1.63928 1.77236 0.0612123 1.7713 
455 0 -176.673 3.80401 1.59564 0.0165448 1.59555 1.83458 0.110634 1.83124 
455 0 -176.673 3.80408 1.59564 0.0165402 1.59555 1.83458 0.110628 1.83124 
456 0 -176.673 3.80413 1.34569 -0.0404495 1.34508 1.58943 0.0553869 1.58846 
456 0 -176.673 3.80415 1.34569 -0.0404501 1.34508 1.58943 0.0553861 1.58846 
457 0 -176.673 3.8042 1.57003 -0.0412521 1.56949 2.04972 0.0719031 2.04846 
2 -176.673 3.8042 0 -0 0 0 -0 0 
458 0 -176.673 3.80425 1.29035 0.00431972 1.29034 1.77403 0.117341 1.77014 
1 -176.673 3.80425 0 -0 0 0 -0 0 
458 0 -176.673 3.80429 1.29035 0.00432505 1.29034 1.77403 0.117348 1.77014 
1 -176.673 3.80429 0 -0 0 0 -0 0 
459 0 -176.673 3.80436 1.61964 0.00910563 1.61962 2.07167 0.121671 2.0681 
460 0 -176.673 3.8044 1.53923 -0.0492864 1.53844 1.86533 -0.0242972 1.86518 
460 0 -176.673 3.80444 1.53923 -0.0492635 1.53844 1.86533 -0.0242695 1.86518 
461 0 -176.672 3.80448 1.62868 -0.0402599 1.62818 1.94662 -0.0161061 1.94655 
462 0 -176.672 3.80457 1.62453 -0.00383814 1.62453 2.09856 0.0354541 2.09826 
462 0 -176.672 3.80461 1.62453 -0.00383689 1.62453 2.09856 0.0354557 2.09826 
463 0 -176.672 3.80467 1.7735 0.0294996 1.77326 2.22663 0.116784 2.22357 
463 0 -176.672 3.80471 1.7735 0.0294955 1.77326 2.22663 0.116779 2.22357 
464 0 -176.672 3.80477 1.71573 0.0653167 1.71448 2.15321 0.151062 2.1479 
465 0 -176.672 3.80481 1.66534 0.00519943 1.66534 2.02681 0.00294542 2.02681 
465 0 -176.672 3.80486 1.66534 0.00521156 1.66534 2.02681 0.00296019 2.02681 
466 0 -176.672 3.80491 1.61137 0.0499676 1.61059 1.97598 0.0472831 1.97541 
466 0 -176.672 3.80495 1.61137 0.0499579 1.61059 1.97598 0.0472712 1.97541 
467 0 -176.672 3.80499 1.5 -0.0298239 1.4997 1.72525 -0.136597 1.71984 
468 0 -176.672 3.80504 1.5 -0.0298342 1.4997 1.72525 -0.136609 1.71983 
468 0 -176.672 3.80504 1.5 -0.0298342 1.4997 1.72525 -0.136609 1.71983 
469 0 -176.672 3.80507 1.29035 0.00432954 1.29034 1.51942 -0.103332 1.5159 
469 0 -176.672 3.80437 1.29035 0.00431765 1.29034 1.51942 -0.103346 1.5159 
470 0 -176.672 3.80441 1.51388 0.0852952 1.51147 1.7277 -0.0258546 1.72751 
471 0 -176.672 3.80443 1.44492 0.0966867 1.44168 1.55084 0.00298324 1.55083 
471 0 -176.672 3.80448 1.44492 0.0966932 1.44168 1.55084 0.00299028 1.55083 
472 0 -176.672 3.80452 1.57003 -0.0412448 1.56949 1.67962 -0.130523 1.67454 
472 0 -176.672 3.80457 1.57003 -0.0412599 1.56949 1.67962 -0.13054 1.67454 
473 0 -176.672 3.80461 1.43003 -0.0184804 1.42992 1.54655 -0.109024 1.54271 
474 0 -176.672 3.80465 1.66439 0.1435 1.65819 2.02767 0.241199 2.01327 
474 0 -176.672 3.8047 1.66439 0.143487 1.65819 2.02767 0.241183 2.01327 
475 0 -176.672 3.80474 1.74929 0.145305 1.74324 2.10485 0.242845 2.0908 
476 0 -176.672 3.80477 1.68077 0.156705 1.67345 2.04193 0.253408 2.02615 
476 0 -176.671 3.80485 1.68077 0.156725 1.67345 2.04193 0.253432 2.02615 
477 0 -176.671 3.80489 1.80278 0.0641652 1.80163 2.15678 0.163593 2.15056 
477 0 -176.671 3.80494 1.80278 0.0641789 1.80163 2.15678 0.163609 2.15056 
478 0 -176.671 3.80502 1.47355 0.0593892 1.47236 1.85944 0.159276 1.85261 
479 0 -176.671 3.80506 1.61235 0.0366062 1.61193 2.20917 0.101457 2.20684 
479 0 -176.671 3.8051 1.61235 0.0366022 1.61193 2.20917 0.101452 2.20684 
480 0 -176.671 3.80515 1.52244 0.0275986 1.52219 2.12751 0.0932883 2.12546 
481 0 -176.671 3.8052 1.46923 0.0723608 1.46745 2.01858 0.189259 2.00969 
481 0 -176.671 3.80526 1.46923 0.0723691 1.46745 2.01858 0.18927 2.00969 
482 0 -176.671 3.8053 1.30384 0.0741397 1.30173 1.85403 0.191042 1.84416 
482 0 -176.671 3.80533 1.30384 0.074144 1.30173 1.85403 0.191048 1.84416 
483 0 -176.671 3.80537 1.32237 0.00264256 1.32237 1.87631 0.121008 1.87241 
484 0 -176.671 3.80543 1.37295 0.0627613 1.37152 2.01158 0.269128 1.9935 
484 0 -176.67 3.80547 1.37295 0.0627659 1.37152 2.01158 0.269135 1.9935 
485 0 -176.67 3.80554 1.44222 0.0513677 1.44131 2.057 0.251477 2.04157 
486 0 -176.67 3.80558 1.51598 0.078847 1.51392 2.22054 0.310928 2.19867 
486 0 -176.67 3.80562 1.51598 0.0788437 1.51392 2.22054 0.310923 2.19867 
487 0 -176.67 3.80568 1.51162 0.0399623 1.51109 2.21406 0.279347 2.19637 
488 0 -176.67 3.80575 1.69479 0.0784107 1.69297 2.58434 0.35615 2.55968 
488 0 -176.67 3.80577 1.69479 0.0784119 1.69297 2.58434 0.356152 2.55968 
489 0 -176.67 3.80583 1.47184 -0.00256134 1.47184 2.36455 0.278669 2.34807 
490 0 -176.67 3.80586 1.62035 -0.155756 1.61284 2.67924 -0.0798392 2.67805 
490 0 -176.67 3.80591 1.62035 -0.155757 1.61284 2.67924 -0.0798399 2.67805 
491 0 -176.67 3.80593 1.48514 -0.0178386 1.48504 2.5549 0.0536469 2.55434 
492 0 -176.67 3.80596 1.58114 0.028553 1.58088 2.79358 0.167031 2.78858 
492 0 -176.671 3.80523 1.58114 0.0285363 1.58088 2.79358 0.167002 2.78858 
493 0 -176.671 3.80526 1.28862 -0.122074 1.28282 2.15541 -0.155789 2.14977 
494 0 -176.671 3.80528 1.34536 -0.14667 1.33734 2.37622 -0.205617 2.36731 
494 0 -176.671 3.80531 1.34536 -0.146675 1.33734 2.37622 -0.205626 2.36731 
495 0 -176.671 3.80535 1.34536 -0.146653 1.33735 2.37622 -0.205586 2.36731 
496 0 -176.671 3.80537 1.4105 -0.0388655 1.40996 2.65146 -0.0848752 2.65011 
496 0 -176.671 3.80543 1.4105 -0.0388614 1.40996 2.65146 -0.0848675 2.65011 
497 0 -176.671 3.80548 1.49077 -0.074433 1.48891 2.72058 -0.115489 2.71813 
498 0 -176.671 3.80551 1.47833 -0.000115476 1.47833 2.66282 0.0614705 2.66211 
498 0 -176.671 3.80556 1.47833 -0.000123344 1.47833 2.66282 0.0614564 2.66211 
499 0 -176.67 3.80561 1.52643 0.109737 1.52248 2.70419 0.155075 2.69974 
500 0 -176.67 3.80565 1.44222 0.0513408 1.44131 2.52612 0.0300549 2.52594 
500 0 -176.67 3.80567 1.44222 0.0513409 1.44131 2.52612 0.030055 2.52594 
501 0 -176.67 3.80573 1.56569 0.0153714 1.56562 2.62467 0.00149283 2.62467 
502 0 -176.67 3.80574 1.30384 0.0741295 1.30173 2.30026 0.0882693 2.29857 
503 0 -176.67 3.80576 1.52152 -0.0141767 1.52145 2.756 -0.0949138 2.75436 
503 0 -176.67 3.80577 1.52152 -0.0141791 1.52145 2.756 -0.0949181 2.75436 
504 0 -176.67 3.8058 1.37186 -0.0611896 1.37049 2.62981 -0.134783 2.62636 
505 0 -176.67 3.80583 1.42824 -0.057311 1.42708 2.71823 -0.134619 2.7149 
505 0 -176.67 3.80586 1.42824 -0.0573246 1.42708 2.71823 -0.134645 2.71489 
506 0 -176.67 3.80589 1.43003 -0.0184673 1.42992 2.71915 -0.103112 2.71719 
506 0 -176.67 3.80593 1.43003 -0.0184822 1.42992 2.71915 -0.10314 2.71719 
507 0 -176.67 3.80595 1.31371 -0.138106 1.30643 2.42104 -0.254636 2.40761 
508 0 -176.67 3.80596 1.38431 -0.1495 1.37622 2.60327 -0.284043 2.58773 
508 0 -176.67 3.806 1.38431 -0.14949 1.37622 2.60327 -0.284023 2.58773 
509 0 -176.669 3.80603 1.3663 -0.0888589 1.3634 2.37244 -0.00830081 2.37242 
510 0 -176.669 3.80604 1.3663 -0.0888606 1.3634 2.37244 -0.00830377 2.37242 
510 0 -176.669 3.80606 1.3663 -0.0888585 1.3634 2.37244 -0.00830013 2.37242 
511 0 -176.669 3.8061 1.39915 -0.164751 1.38941 2.23944 -0.145069 2.23473 
512 0 -176.669 3.80612 1.49693 -0.154766 1.48891 2.44757 -0.124026 2.44443 
512 0 -176.669 3.80613 1.49693 -0.154773 1.48891 2.44757 -0.124038 2.44443 
513 0 -176.669 3.80617 1.448 -0.159771 1.43916 2.23166 -0.10063 2.22939 
514 0 -176.669 3.80619 1.448 -0.159771 1.43916 2.23166 -0.10063 2.22939 
514 0 -176.669 3.8062 1.448 -0.159775 1.43916 2.23166 -0.100636 2.22939 
515 0 -176.669 3.80622 1.36316 -0.126271 1.3573 1.92489 -0.0902844 1.92277 
516 0 -176.672 3.80269 1.3961 -0.116131 1.39126 2.09517 -0.113132 2.09212 
517 0 -176.672 3.80266 1.39706 -0.155004 1.38843 2.05793 -0.206819 2.04751 
517 0 -176.672 3.80262 1.39706 -0.154997 1.38843 2.05793 -0.206809 2.04751 
518 0 -176.672 3.80258 1.38294 -0.263519 1.35761 2.04449 -0.299163 2.02248 
518 0 -176.672 3.80256 1.38294 -0.263504 1.35761 2.04449 -0.299141 2.02248 
519 0 -176.671 3.80253 1.38294 -0.263508 1.35761 2.04449 -0.299147 2.02248 
520 0 -176.671 3.8025 1.35318 -0.240999 1.33154 2.18696 -0.303744 2.16576 
520 0 -176.671 3.80244 1.35318 -0.241003 1.33154 2.18696 -0.303751 2.16576 
521 0 -176.671 3.80239 1.41128 -0.265586 1.38606 2.31002 -0.35633 2.28237 
522 0 -176.671 3.80235 1.36911 -0.0111124 1.36907 2.30873 0.213915 2.2988 
522 0 -176.671 3.80231 1.36911 -0.0111122 1.36907 2.30873 0.213915 2.2988 
523 0 -176.671 3.80225 1.36911 -0.0111057 1.36907 2.30873 0.213926 2.2988 
524 0 -176.671 3.8022 1.55724 -0.180818 1.54671 2.66042 -0.118303 2.65778 
524 0 -176.671 3.80219 1.55724 -0.180825 1.54671 2.66042 -0.118314 2.65778 
525 0 -176.671 3.8021 1.47202 -0.226862 1.45443 2.57963 -0.159772 2.57468 
526 0 -176.671 3.80205 1.52095 -0.133737 1.51506 2.75512 -0.0616356 2.75443 
526 0 -176.671 3.80204 1.52095 -0.133749 1.51505 2.75512 -0.0616571 2.75443 
527 0 -176.671 3.802 1.56205 -0.11104 1.5581 2.68065 -0.0215993 2.68056 
527 0 -176.671 3.80195 1.56205 -0.11104 1.5581 2.68065 -0.0216004 2.68056 
528 0 -176.671 3.80188 1.43003 -0.018473 1.42992 2.56664 0.0611943 2.56591 
529 0 -176.671 3.80184 1.5 -0.0298703 1.4997 2.73188 0.0341268 2.73167 
529 0 -176.671 3.8018 1.5 -0.0298652 1.4997 2.73188 0.0341362 2.73167 
530 0 -176.671 3.80173 1.46018 0.0580403 1.45903 2.71608 0.114056 2.71368 
530 0 -176.671 3.80168 1.46018 0.0580344 1.45903 2.71608 0.114045 2.71368 
531 0 -176.671 3.80159 1.42978 0.0366606 1.42931 2.57001 0.0824462 2.56868 
532 0 -176.671 3.80154 1.34104 0.0644381 1.33949 2.49096 0.107198 2.48866 
532 0 -176.671 3.80147 1.34104 0.0644397 1.33949 2.49096 0.107201 2.48865 
533 0 -176.671 3.8014 1.51274 0.181218 1.50185 2.62746 0.201461 2.61972 
534 0 -176.671 3.80136 1.38924 0.132496 1.38291 2.52422 0.160248 2.51913 
534 0 -176.671 3.80127 1.38924 0.132488 1.38291 2.52422 0.160235 2.51913 
535 0 -176.671 3.8012 1.48453 0.123769 1.47936 2.47694 0.182995 2.47017 
536 0 -176.671 3.80117 1.35775 0.111117 1.3532 2.22215 0.157559 2.21656 
536 0 -176.671 3.80113 1.35775 0.111125 1.3532 2.22215 0.157572 2.21656 
537 0 -176.671 3.80104 1.43096 0.168192 1.42104 2.28839 0.210102 2.27872 
538 0 -176.671 3.801 1.43096 0.168192 1.42104 2.28839 0.210103 2.27872 
538 0 -176.671 3.80098 1.43096 0.168192 1.42104 2.28839 0.210102 2.27872 
539 0 -176.671 3.80095 1.53224 0.0603266 1.53105 2.25198 0.119707 2.24879 
540 0 -176.673 3.79931 1.53224 0.0603268 1.53105 2.25198 0.119708 2.24879 
540 0 -176.673 3.79921 1.53224 0.0603268 1.53105 2.25198 0.119708 2.24879 
541 0 -176.673 3.79907 1.33253 -0.105833 1.32832 1.79658 -0.26734 1.77658 
541 0 -176.673 3.79897 1.33253 -0.105836 1.32832 1.79658 -0.267345 1.77658 
542 0 -176.673 3.79885 1.59248 -0.102991 1.58915 2.02262 -0.264852 2.0052 
543 0 -176.673 3.79874 1.32098 0.14389 1.31312 1.48757 0.243433 1.46752 
543 0 -176.673 3.79867 1.32098 0.143893 1.31312 1.48757 0.243436 1.46752 
544 0 -176.673 3.79851 1.49606 0.106677 1.49225 1.64664 0.20517 1.63381 
545 0 -176.673 3.79847 1.51304 0.108381 1.50915 1.71843 0.212347 1.70526 
545 0 -176.673 3.79835 1.51304 0.108373 1.50916 1.71843 0.212338 1.70526 
546 0 -176.673 3.7982 1.38924 0.132492 1.38291 1.60434 0.23226 1.58743 
547 0 -176.673 3.79812 1.45774 0.121107 1.4527 1.75317 0.207219 1.74088 
547 0 -176.673 3.79807 1.45774 0.121101 1.4527 1.75317 0.207212 1.74089 
548 0 -176.673 3.79787 1.54669 0.242569 1.52755 1.74388 0.337587 1.71089 
548 0 -176.673 3.79775 1.54669 0.24257 1.52755 1.74388 0.337587 1.71089 
549 0 -176.673 3.79767 1.56782 0.195131 1.55563 1.75716 0.291153 1.73287 
550 0 -176.673 3.79763 1.7 0.226493 1.68484 2.19336 0.351563 2.165 
550 0 -176.673 3.79747 1.7 0.226504 1.68484 2.19336 0.351578 2.165 
551 0 -176.673 3.79735 1.7 0.226496 1.68484 2.19336 0.351568 2.165 
552 0 -176.673 3.79726 1.51304 0.108363 1.50916 2.02236 0.254504 2.00628 
552 0 -176.673 3.79708 1.51304 0.108362 1.50916 2.02236 0.254502 2.00628 
553 0 -176.673 3.79695 1.64959 0.122002 1.64508 2.1504 0.267293 2.13373 
553 0 -176.673 3.79687 1.64959 0.121999 1.64508 2.1504 0.26729 2.13373 
554 0 -176.673 3.79673 1.58078 0.146731 1.57395 2.09412 0.289253 2.07405 
555 0 -176.673 3.79664 1.68077 0.156708 1.67345 2.33724 0.313532 2.31611 
555 0 -176.673 3.79652 1.68077 0.156706 1.67345 2.33724 0.313529 2.31611 
556 0 -176.673 3.7964 1.59531 0.0983234 1.59227 2.25636 0.259768 2.24135 
556 0 -176.673 3.79632 1.59531 0.098327 1.59227 2.25636 0.259773 2.24135 
557 0 -176.673 3.7962 1.66433 0.0869516 1.66206 2.32625 0.248103 2.31298 
558 0 -176.673 3.79608 1.46865 0.208282 1.45381 2.13353 0.371665 2.1009 
558 0 -176.673 3.796 1.46865 0.208277 1.45381 2.13353 0.371657 2.10091 
559 0 -176.673 3.79588 1.63403 0.242929 1.61587 2.30643 0.407831 2.27009 
559 0 -176.673 3.79576 1.63403 0.242935 1.61587 2.30643 0.407839 2.27008 
560 0 -176.673 3.79563 1.63403 0.24294 1.61587 2.30643 0.407846 2.27008 
560 0 -176.673 3.79559 1.63403 0.242938 1.61587 2.30643 0.407844 2.27008 
561 0 -176.674 3.79782 1.48079 0.159879 1.47213 2.15374 0.347794 2.12548 
561 0 -176.674 3.79779 1.48079 0.159877 1.47213 2.15374 0.347792 2.12548 
561 0 -176.674 3.79772 1.48079 0.15988 1.47213 2.15374 0.347796 2.12548 
562 0 -176.674 3.79765 1.74929 0.145373 1.74323 2.37572 0.208054 2.36659 
562 0 -176.674 3.79762 1.74929 0.145368 1.74323 2.37572 0.208048 2.36659 
563 0 -176.674 3.79755 1.69056 0.235312 1.6741 2.33238 0.299004 2.31313 
563 0 -176.674 3.79752 1.69056 0.235314 1.6741 2.33238 0.299008 2.31313 
563 0 -176.674 3.79742 1.69056 0.235323 1.6741 2.33238 0.299019 2.31313 
564 0 -176.674 3.79731 1.55809 0.28475 1.53185 2.02917 0.332327 2.00177 
564 0 -176.674 3.79728 1.55809 0.284746 1.53185 2.02917 0.332321 2.00177 
565 0 -176.674 3.79722 1.65117 0.248185 1.63242 2.17856 0.299883 2.15783 
565 0 -176.674 3.79719 1.65117 0.248192 1.63242 2.17856 0.299893 2.15782 
565 0 -176.674 3.79712 1.65117 0.248194 1.63241 2.17856 0.299896 2.15782 
566 0 -176.674 3.79703 1.58404 0.259598 1.56263 2.03054 0.324959 2.00437 
566 0 -176.674 3.79698 1.58404 0.259591 1.56263 2.03054 0.32495 2.00437 
567 0 -176.674 3.79695 1.68239 0.0936612 1.67978 2.30418 0.129487 2.30054 
567 0 -176.674 3.79692 1.68239 0.0936651 1.67978 2.30418 0.129492 2.30054 
567 0 -176.674 3.79687 1.68239 0.0936766 1.67978 2.30418 0.129508 2.30054 
568 0 -176.674 3.79678 1.5727 0.0827151 1.57052 2.20323 0.119422 2.19999 
568 0 -176.674 3.79678 1.5727 0.0827151 1.57052 2.20323 0.119422 2.19999 
569 0 -176.674 3.79672 1.51796 0.0222455 1.5178 1.94703 0.00204545 1.94703 
569 0 -176.674 3.79666 1.51796 0.0222429 1.5178 1.94703 0.0020421 1.94703 
569 0 -176.674 3.7966 1.51796 0.0222428 1.5178 1.94703 0.00204203 1.94703 
570 0 -176.674 3.79653 1.51796 0.0222426 1.5178 1.94703 0.00204173 1.94703 
570 0 -176.674 3.79649 1.51796 0.0222436 1.5178 1.94703 0.00204302 1.94703 
571 0 -176.674 3.79642 1.57123 -0.00917168 1.57121 2.04148 -0.0492908 2.04089 
571 0 -176.674 3.79638 1.57123 -0.00917298 1.57121 2.04148 -0.0492925 2.04089 
571 0 -176.674 3.79634 1.57123 -0.00917309 1.57121 2.04148 -0.0492926 2.04089 
572 0 -176.674 3.79627 1.43547 -0.0228147 1.43529 1.91445 -0.0620842 1.91344 
572 0 -176.674 3.79623 1.43547 -0.0228154 1.43529 1.91445 -0.0620852 1.91344 
573 0 -176.674 3.79612 1.29712 -0.0133576 1.29705 1.78551 -0.0532741 1.78472 
573 0 -176.674 3.79609 1.29712 -0.0133587 1.29705 1.78551 -0.0532757 1.78472 
573 0 -176.674 3.79597 1.29712 -0.0133595 1.29705 1.78551 -0.0532768 1.78472 
574 0 -176.674 3.79597 1.43003 -0.0184174 1.42992 1.77794 -0.0726128 1.77646 
574 0 -176.674 3.79594 1.43003 -0.0184164 1.42992 1.77794 -0.0726115 1.77646 
575 0 -176.674 3.79587 1.57003 -0.0411969 1.56949 2.01449 -0.110962 2.01143 
575 0 -176.674 3.79577 1.57003 -0.0411968 1.56949 2.01449 -0.110962 2.01143 
575 0 -176.674 3.7957 1.57003 -0.0411963 1.56949 2.01449 -0.110961 2.01143 
576 0 -176.674 3.79564 1.57003 -0.0411948 1.56949 2.01316 -0.110743 2.01011 
576 0 -176.674 3.79564 1.57003 -0.0411948 1.56949 2.01316 -0.110743 2.01011 
576 0 -176.674 3.79558 1.57003 -0.0411938 1.56949 2.01316 -0.110742 2.01011 
577 0 -176.674 3.7955 1.68844 0.00753089 1.68843 2.13073 -0.061694 2.12983 
577 0 -176.674 3.7955 1.68844 0.00753089 1.68843 2.13073 -0.061694 2.12983 
578 0 -176.674 3.79541 1.55015 -0.0986172 1.54701 2.0067 -0.216716 1.99497 
578 0 -176.674 3.79537 1.55015 -0.0986238 1.54701 2.0067 -0.216725 1.99497 
578 0 -176.674 3.79534 1.55015 -0.0986258 1.54701 2.0067 -0.216727 1.99497 
579 0 -176.674 3.79525 1.62868 -0.0402201 1.62818 2.0834 -0.157378 2.07745 
579 0 -176.674 3.79521 1.62868 -0.0402143 1.62818 2.0834 -0.157371 2.07745 
580 0 -176.674 3.79515 1.68077 0.156787 1.67344 2.26539 0.0944141 2.26343 
580 0 -176.675 3.79511 1.68077 0.156778 1.67345 2.26539 0.0944024 2.26343 
580 0 -176.675 3.79504 1.68077 0.156765 1.67345 2.26539 0.0943847 2.26343 
581 0 -176.675 3.79492 1.44222 0.0513636 1.44131 2.02649 -0.0131288 2.02644 
581 0 -176.675 3.79488 1.44222 0.0513698 1.44131 2.02649 -0.0131201 2.02644 
582 0 -176.675 3.7948 1.42429 0.0446675 1.42359 1.99687 -0.0243619 1.99672 
582 0 -176.675 3.79476 1.42429 0.0446634 1.42359 1.99687 -0.0243677 1.99672 
582 0 -176.675 3.79467 1.42429 0.044662 1.42359 1.99687 -0.0243697 1.99672 
583 0 -176.675 3.79458 1.43003 -0.0184316 1.42992 2.00509 -0.0883146 2.00314 
583 0 -176.675 3.79458 1.43003 -0.0184316 1.42992 2.00509 -0.0883146 2.00314 
584 0 -176.675 3.79454 1.53381 -0.00307747 1.53381 2.17734 -0.0627807 2.17644 
584 0 -176.675 3.79449 1.53381 -0.00307951 1.53381 2.17734 -0.0627836 2.17644 
584 0 -176.674 3.79693 1.53381 -0.00307646 1.53381 2.17734 -0.0627793 2.17644 
585 0 -176.674 3.79688 1.53381 -0.00308486 1.53381 2.17734 -0.0627912 2.17644 
585 0 -176.674 3.79685 1.53381 -0.00308447 1.53381 2.17734 -0.0627906 2.17644 
586 0 -176.674 3.7968 1.32303 0.0577443 1.32177 1.82738 0.0376108 1.827 
586 0 -176.674 3.79675 1.32303 0.0577508 1.32177 1.82738 0.0376198 1.827 
586 0 -176.674 3.79668 1.32303 0.0577481 1.32177 1.82738 0.0376162 1.827 
587 0 -176.674 3.79664 1.32303 0.0577432 1.32177 1.82738 0.0376094 1.827 
587 0 -176.674 3.79663 1.32303 0.057744 1.32177 1.82738 0.0376105 1.827 
588 0 -176.674 3.79659 1.38438 0.150248 1.3762 1.92879 0.192201 1.91919 
588 0 -176.674 3.79657 1.38438 0.150251 1.3762 1.92879 0.192206 1.91919 
588 0 -176.674 3.79653 1.38438 0.150245 1.3762 1.92879 0.192197 1.91919 
589 0 -176.674 3.79647 1.38438 0.15024 1.3762 1.92879 0.192191 1.91919 
589 0 -176.674 3.79645 1.38438 0.150239 1.3762 1.92879 0.192189 1.91919 
590 0 -176.674 3.7964 1.67462 0.0562558 1.67367 2.41464 0.0355164 2.41438 
590 0 -176.674 3.79637 1.67462 0.0562513 1.67368 2.41464 0.0355099 2.41438 
590 0 -176.674 3.79635 1.67462 0.0562509 1.67368 2.41464 0.0355093 2.41438 
591 0 -176.674 3.7963 1.67462 0.0562602 1.67367 2.41464 0.0355227 2.41438 
591 0 -176.674 3.79628 1.67462 0.056259 1.67367 2.41464 0.0355209 2.41438 
592 0 -176.675 3.79615 1.6784 0.0749404 1.67673 2.41759 0.0517805 2.41704 
593 0 -176.675 3.79612 1.57127 0.0458972 1.5706 2.47993 -0.00985804 2.47991 
593 0 -176.675 3.79599 1.57127 0.0459111 1.5706 2.47993 -0.00983604 2.47991 
594 0 -176.675 3.79585 1.43268 0.0686885 1.43103 2.24512 0.0285105 2.24494 
595 0 -176.675 3.79582 1.36359 0.0800799 1.36124 2.175 0.039987 2.17463 
595 0 -176.675 3.79577 1.36359 0.0800864 1.36124 2.175 0.0399973 2.17463 
596 0 -176.675 3.79568 1.2427 0.0313765 1.24231 2.05492 -0.00902865 2.05491 
597 0 -176.675 3.79562 1.37295 0.0627285 1.37152 2.29317 0.0368794 2.29287 
597 0 -176.675 3.79561 1.37295 0.0627242 1.37152 2.29317 0.0368721 2.29287 
598 0 -176.675 3.79551 1.29035 0.00431567 1.29034 2.2105 -0.0224859 2.21039 
598 0 -176.675 3.79547 1.29035 0.00432047 1.29034 2.2105 -0.0224777 2.21039 
599 0 -176.675 3.79541 1.34244 0.0413391 1.34181 2.14182 -0.0726894 2.14059 
600 0 -176.675 3.79535 1.27311 0.0527296 1.27202 2.07043 -0.0610908 2.06953 
600 0 -176.675 3.79527 1.27311 0.0527338 1.27202 2.07043 -0.061084 2.06953 
601 0 -176.675 3.79522 1.54434 0.179515 1.53388 2.30817 0.0541565 2.30754 
602 0 -176.675 3.79517 1.54434 0.179507 1.53388 2.30817 0.0541454 2.30754 
602 0 -176.675 3.79508 1.54434 0.179503 1.53388 2.30817 0.0541384 2.30754 
603 0 -176.675 3.79499 1.49212 0.0563044 1.49106 2.13214 -0.0732834 2.13088 
604 0 -176.675 3.7949 1.49212 0.0563091 1.49106 2.13214 -0.0732766 2.13088 
604 0 -176.675 3.79484 1.49212 0.0563018 1.49106 2.13214 -0.0732872 2.13088 
605 0 -176.675 3.79472 1.49026 -0.0308445 1.48994 2.09555 -0.151896 2.09003 
606 0 -176.675 3.79466 1.49026 -0.0308419 1.48994 2.09555 -0.151892 2.09003 
606 0 -176.675 3.79458 1.49026 -0.0308451 1.48994 2.09555 -0.151897 2.09003 
607 0 -176.675 3.79458 1.42127 -0.0882613 1.41852 1.89164 -0.244064 1.87583 
608 0 -176.675 3.7945 1.49571 -0.0622474 1.49442 2.04863 -0.187796 2.04 
608 0 -176.676 3.79669 1.49571 -0.0622272 1.49442 2.04863 -0.187768 2.04001 
609 0 -176.676 3.79666 1.15867 0.0645057 1.15687 1.4788 0.0230087 1.47862 
609 0 -176.676 3.79663 1.15867 0.0645039 1.15687 1.4788 0.0230064 1.47862 
610 0 -176.676 3.79659 1.15867 0.0645008 1.15687 1.4788 0.0230024 1.47862 
611 0 -176.676 3.79657 1.32766 0.0630901 1.32616 1.93423 0.0526207 1.93352 
611 0 -176.676 3.79654 1.32766 0.0630873 1.32616 1.93423 0.0526166 1.93352 
612 0 -176.676 3.7965 1.20308 0.0871989 1.19992 1.64048 0.109289 1.63684 
613 0 -176.676 3.79646 1.20308 0.0871999 1.19992 1.64048 0.10929 1.63684 
613 0 -176.676 3.79641 1.20308 0.0872125 1.19992 1.64048 0.109307 1.63684 
614 0 -176.676 3.79638 1.41825 0.0623344 1.41688 1.8374 0.0865419 1.83536 
615 0 -176.676 3.79636 1.41825 0.0623384 1.41688 1.8374 0.0865472 1.83536 
615 0 -176.676 3.79633 1.41825 0.062356 1.41688 1.8374 0.0865699 1.83536 
616 0 -176.676 3.79629 1.38924 0.13253 1.38291 1.67674 0.186275 1.66636 
617 0 -176.677 3.79625 1.38924 0.132514 1.38291 1.67674 0.186256 1.66637 
617 0 -176.677 3.79624 1.38924 0.132521 1.38291 1.67674 0.186264 1.66636 
618 0 -176.677 3.79621 1.38992 0.014317 1.38984 1.68217 0.0768034 1.68041 
618 0 -176.677 3.7962 1.38992 0.0143179 1.38984 1.68217 0.0768046 1.68041 
619 0 -176.677 3.79618 1.38992 0.0143191 1.38984 1.68217 0.076806 1.68041 
620 0 -176.677 3.79616 1.42127 -0.0882404 1.41853 2.11319 0.0174862 2.11311 
620 0 -176.677 3.79615 1.42127 -0.0882364 1.41853 2.11319 0.0174921 2.11311 
621 0 -176.677 3.79611 1.42127 -0.0882433 1.41852 2.11319 0.0174819 2.11311 
622 0 -176.677 3.79607 1.47973 -0.0134645 1.47967 2.37942 0.0548109 2.37879 
622 0 -176.677 3.79605 1.47973 -0.0134637 1.47967 2.37942 0.0548121 2.37879 
623 0 -176.677 3.79601 1.47973 -0.0134616 1.47967 2.37942 0.0548154 2.37879 
623 0 -176.677 3.79595 1.47973 -0.0134537 1.47967 2.37942 0.0548282 2.37879 
624 0 -176.677 3.7959 1.43268 0.0687156 1.43103 2.3405 0.125186 2.33715 
625 0 -176.677 3.79587 1.43268 0.0687043 1.43103 2.3405 0.125167 2.33715 
625 0 -176.677 3.79583 1.43268 0.0686988 1.43103 2.3405 0.125158 2.33715 
626 0 -176.677 3.7958 1.44222 0.0513317 1.44131 2.35247 0.108273 2.34998 
626 0 -176.677 3.79576 1.44222 0.0513393 1.44131 2.35247 0.108285 2.34998 
627 0 -176.678 3.79571 1.41825 0.0623416 1.41688 2.23226 0.0842822 2.23067 
628 0 -176.678 3.79569 1.41825 0.0623438 1.41688 2.23226 0.0842857 2.23067 
628 0 -176.678 3.79566 1.41825 0.0623396 1.41688 2.23226 0.084279 2.23067 
629 0 -176.678 3.79562 1.67161 0.119318 1.66735 2.44977 0.13329 2.44614 
630 0 -176.678 3.79559 1.49848 0.102012 1.49501 1.99051 0.0873643 1.98859 
630 0 -176.678 3.79559 1.49848 0.102012 1.49501 1.99051 0.0873643 1.98859 
631 0 -176.678 3.79554 1.60866 0.0214329 1.60852 2.09643 0.0108308 2.09641 
631 0 -176.676 3.79751 1.60866 0.0214367 1.60852 2.09643 0.0108358 2.09641 
632 0 -176.676 3.79751 1.60866 0.0214319 1.60852 2.09643 0.0108296 2.09641 
633 0 -176.676 3.79752 1.42144 0.104108 1.41762 1.9675 0.171404 1.96002 
633 0 -176.676 3.79752 1.42144 0.104107 1.41762 1.9675 0.171402 1.96002 
634 0 -176.676 3.79754 1.42144 0.10411 1.41762 1.9675 0.171407 1.96002 
635 0 -176.676 3.79755 1.44222 0.0513056 1.44131 2.19744 0.0893316 2.19562 
635 0 -176.676 3.79758 1.44222 0.0513044 1.44131 2.19744 0.0893298 2.19562 
636 0 -176.676 3.79759 1.44222 0.0513059 1.44131 2.19744 0.0893321 2.19562 
637 0 -176.676 3.79761 1.37295 0.0626987 1.37152 2.3107 0.155673 2.30545 
637 0 -176.676 3.79762 1.37295 0.0626981 1.37152 2.3107 0.155672 2.30545 
638 0 -176.676 3.79763 1.54722 0.0569018 1.54618 2.47985 0.150037 2.4753 
638 0 -176.676 3.79762 1.54722 0.0569095 1.54618 2.47985 0.15005 2.4753 
639 0 -176.676 3.79762 1.25606 0.0327003 1.25564 1.80704 0.0941526 1.80459 
640 0 -176.676 3.79762 1.25606 0.0327094 1.25564 1.80704 0.0941656 1.80459 
640 0 -176.676 3.79761 1.25606 0.0327183 1.25564 1.80704 0.0941784 1.80459 
641 0 -176.677 3.79761 1.04841 0.0668854 1.04627 1.40699 0.160566 1.3978 
642 0 -176.677 3.79761 1.23491 0.0855084 1.23194 1.82083 0.201877 1.80961 
642 0 -176.677 3.79762 1.23491 0.085507 1.23195 1.82083 0.201875 1.80961 
643 0 -176.677 3.79763 1.23491 0.0855051 1.23195 1.82083 0.201873 1.80961 
644 0 -176.677 3.79764 1.51162 0.0399284 1.51109 2.35928 0.112571 2.35659 
644 0 -176.677 3.79764 1.51162 0.039923 1.51109 2.35928 0.112563 2.35659 
645 0 -176.677 3.79764 1.37295 0.0626947 1.37152 2.22597 0.134531 2.2219 
646 0 -176.677 3.79763 1.5727 -0.0225539 1.57254 2.75043 -0.00727645 2.75042 
646 0 -176.677 3.79763 1.5727 -0.0225573 1.57254 2.75043 -0.0072824 2.75042 
647 0 -176.677 3.79762 1.5727 -0.0225508 1.57254 2.75043 -0.00727113 2.75042 
648 0 -176.677 3.79762 1.35093 -0.0768581 1.34874 2.59264 -0.0505476 2.59215 
648 0 -176.677 3.7976 1.35093 -0.0768483 1.34874 2.59264 -0.0505289 2.59215 
649 0 -176.677 3.79759 1.35093 -0.076844 1.34874 2.59264 -0.0505205 2.59215 
650 0 -176.677 3.79758 1.23523 0.00373702 1.23522 2.48447 0.0260205 2.48433 
650 0 -176.677 3.79758 1.23523 0.00373447 1.23522 2.48447 0.0260153 2.48433 
651 0 -176.677 3.79757 1.23523 0.0037368 1.23522 2.48447 0.02602 2.48433 
651 0 -176.677 3.79758 1.23523 0.00374109 1.23522 2.48447 0.0260286 2.48433 
652 0 -176.677 3.7976 1.35093 -0.0768315 1.34874 2.55224 -0.132438 2.5488 
653 0 -176.677 3.7976 1.5 -0.029828 1.4997 2.854 -0.0374897 2.85375 
653 0 -176.677 3.79762 1.5 -0.0298273 1.4997 2.854 -0.0374882 2.85375 
654 0 -176.677 3.79763 1.36015 -0.00704567 1.36013 2.51493 0.0178244 2.51487 
655 0 -176.676 3.79882 1.36015 -0.00705002 1.36013 2.51493 0.0178163 2.51487 
655 0 -176.676 3.79886 1.36015 -0.0070566 1.36013 2.51493 0.0178041 2.51487 
656 0 -176.676 3.7989 1.37295 0.0627213 1.37152 2.35757 0.0366539 2.35728 
656 0 -176.676 3.79895 1.37295 0.0627447 1.37152 2.35757 0.0366941 2.35728 
657 0 -176.676 3.79898 1.33722 0.0457766 1.33644 2.3103 0.0223237 2.31019 
658 0 -176.677 3.799 1.33722 0.0457752 1.33644 2.3103 0.0223212 2.31019 
658 0 -176.677 3.79901 1.33722 0.0457828 1.33644 2.3103 0.0223344 2.31019 
659 0 -176.677 3.79902 1.54584 0.0116142 1.5458 2.49718 -0.00818308 2.49717 
660 0 -176.677 3.79903 1.54584 0.0116028 1.5458 2.49718 -0.00820148 2.49717 
660 0 -176.677 3.79903 1.54584 0.011594 1.5458 2.49718 -0.0082157 2.49717 
661 0 -176.677 3.79904 1.5 -0.0298313 1.4997 2.20809 -0.0694137 2.207 
662 0 -176.677 3.79904 1.5 -0.029825 1.4997 2.20809 -0.0694044 2.207 
662 0 -176.677 3.79905 1.5 -0.0298351 1.4997 2.20809 -0.0694193 2.207 
663 0 -176.677 3.79907 1.36015 -0.00706369 1.36013 1.79538 -0.00224881 1.79538 
664 0 -176.677 3.79907 1.36015 -0.00705729 1.36013 1.79538 -0.00224036 1.79538 
664 0 -176.677 3.79909 1.36015 -0.00705267 1.36013 1.79538 -0.00223426 1.79538 
665 0 -176.677 3.79911 1.25389 0.0691304 1.25198 1.36787 0.134273 1.36126 
665 0 -176.677 3.79912 1.25389 0.0691285 1.25198 1.36787 0.134271 1.36126 
666 0 -176.677 3.79915 1.25389 0.0691322 1.25198 1.36787 0.134275 1.36126 
667 0 -176.677 3.79917 1.27707 0.0714405 1.27507 1.43941 0.141408 1.43244 
667 0 -176.677 3.79919 1.27707 0.0714396 1.27507 1.43941 0.141407 1.43244 
668 0 -176.677 3.79923 1.44222 0.051338 1.44131 1.58188 0.123926 1.57702 
669 0 -176.677 3.79924 1.44222 0.0513406 1.44131 1.58188 0.123929 1.57702 
669 0 -176.677 3.79927 1.44222 0.0513439 1.44131 1.58188 0.123932 1.57702 
670 0 -176.677 3.79929 1.44222 0.0513337 1.44131 1.58188 0.123921 1.57702 
671 0 -176.677 3.79932 1.44033 0.0877507 1.43765 1.80521 0.179287 1.79629 
671 0 -176.677 3.79933 1.44033 0.0877568 1.43765 1.80521 0.179295 1.79629 
672 0 -176.677 3.79934 1.43003 -0.0184425 1.42992 1.62963 0.0272825 1.6294 
673 0 -176.677 3.79936 1.43003 -0.018436 1.42992 1.62963 0.0272899 1.6294 
673 0 -176.677 3.79937 1.43003 -0.0184344 1.42992 1.62963 0.0272918 1.6294 
674 0 -176.677 3.79938 1.43003 -0.0184309 1.42992 1.62963 0.0272958 1.6294 
674 0 -176.677 3.79939 1.43003 -0.0184267 1.42992 1.62963 0.0273006 1.6294 
675 0 -176.678 3.79943 1.42127 -0.0882134 1.41853 1.58782 -0.0538629 1.58691 
676 0 -176.678 3.79944 1.42127 -0.0882169 1.41853 1.77596 -0.0843931 1.77395 
676 0 -176.678 3.79946 1.42127 -0.0882267 1.41853 1.77596 -0.0844053 1.77395 
677 0 -176.678 3.79947 1.42127 -0.0882272 1.41853 1.77596 -0.084406 1.77395 
678 0 -176.678 3.79949 1.35093 -0.07684 1.34874 1.9064 -0.10555 1.90348 
678 0 -176.676 3.79954 1.35093 -0.0768456 1.34874 1.9064 -0.105558 1.90348 
679 0 -176.676 3.79956 1.35093 -0.0768475 1.34874 1.9064 -0.105561 1.90348 
680 0 -176.676 3.79958 1.21037 -0.0540827 1.20916 1.7839 -0.0857316 1.78184 
680 0 -176.676 3.79959 1.21037 -0.054094 1.20916 1.7839 -0.0857483 1.78184 
681 0 -176.676 3.7996 1.21037 -0.0540935 1.20916 1.7839 -0.0857475 1.78184 
681 0 -176.676 3.79959 1.21037 -0.0540934 1.20916 1.7839 -0.0857474 1.78184 
682 0 -176.676 3.7996 1.07005 -0.0313112 1.06959 1.6477 -0.0636534 1.64647 
683 0 -176.676 3.79961 1.07005 -0.0313115 1.06959 1.6477 -0.0636538 1.64647 
683 0 -176.676 3.79961 1.07005 -0.0313142 1.06959 1.6477 -0.0636581 1.64647 
684 0 -176.676 3.79962 1.06798 -0.0820417 1.06482 1.64755 -0.112896 1.64367 
685 0 -176.676 3.79965 1.06798 -0.0820376 1.06482 1.64755 -0.11289 1.64367 
685 0 -176.676 3.79968 1.06798 -0.0820381 1.06482 1.64755 -0.112891 1.64367 
686 0 -176.676 3.79971 1.01879 -0.0870262 1.01507 1.5205 -0.125766 1.51529 
686 0 -176.676 3.79972 1.01879 -0.087026 1.01507 1.5205 -0.125765 1.51529 
687 0 -176.676 3.79976 1.01879 -0.0870153 1.01507 1.5205 -0.125749 1.5153 
688 0 -176.676 3.79981 1.01879 -0.0870122 1.01507 1.5205 -0.125745 1.5153 
688 0 -176.676 3.79984 1.01879 -0.0870029 1.01507 1.5205 -0.125731 1.5153 
689 0 -176.676 3.79985 1.01879 -0.0870007 1.01507 1.5205 -0.125728 1.5153 
690 0 -176.675 3.79988 1.01879 -0.0869948 1.01507 1.5205 -0.125719 1.5153 
690 0 -176.675 3.7999 1.01879 -0.0869946 1.01507 1.5205 -0.125718 1.5153 
691 0 -176.675 3.79993 1.01879 -0.0869972 1.01507 1.5205 -0.125722 1.5153 
691 0 -176.675 3.79993 1.01879 -0.0869896 1.01507 1.5205 -0.125711 1.5153 
692 0 -176.675 3.79994 1.01879 -0.0869832 1.01507 1.5205 -0.125701 1.5153 
693 0 -176.676 3.79996 1.01879 -0.0869857 1.01507 1.5205 -0.125705 1.5153 
693 0 -176.676 3.79996 1.01879 -0.0869798 1.01507 1.5205 -0.125696 1.5153 
694 0 -176.676 3.79997 1.01879 -0.0869759 1.01508 1.5205 -0.125691 1.5153 
695 0 -176.676 3.79999 1.01879 -0.0869753 1.01508 1.5205 -0.12569 1.5153 
695 0 -176.676 3.80001 1.01879 -0.0869729 1.01508 1.5205 -0.125686 1.5153 
696 0 -176.676 3.80002 1.01879 -0.0869685 1.01508 1.5205 -0.125679 1.5153 
696 0 -176.676 3.80004 1.01879 -0.0869677 1.01508 1.5205 -0.125678 1.5153 
697 0 -176.676 3.80006 1.01879 -0.0869732 1.01508 1.5205 -0.125686 1.5153 
698 0 -176.676 3.80009 1.01879 -0.0869713 1.01508 1.5205 -0.125684 1.5153 
698 0 -176.676 3.80009 1.01879 -0.086972 1.01508 1.5205 -0.125685 1.5153 
699 0 -176.675 3.8001 1.01879 -0.0869676 1.01508 1.5205 -0.125678 1.5153 
700 0 -176.675 3.80011 1.01879 -0.0869682 1.01508 1.5205 -0.125679 1.5153 
700 0 -176.675 3.80012 1.01879 -0.0869707 1.01508 1.5205 -0.125683 1.5153 
701 0 -176.675 3.80012 1.01879 -0.0869725 1.01508 1.5205 -0.125685 1.5153 
702 0 -176.675 3.80012 1.01879 -0.0869727 1.01508 1.5205 -0.125686 1.5153 
702 0 -176.674 3.80012 1.01879 -0.0869589 1.01508 1.5205 -0.125665 1.5153 
703 703 704 705 705 706 707 707 708 708 709 710 710 711 712 712 713 714 714 715 715 716 717 717 718 718 719 720 720 721 722 722 723 723 724 725 725 726 726 727 727 728 729 729 730 730 731 731 732 733 733 734 734 735 735 736 737 737 738 738 739 739 740 740 741 742 742 743 743 744 745 745 746 747 747 748 748 749 750 750 751 752 752 753 753 754 755 755 756 757 757 758 758 759 760 760 761 761 762 763 763 764 764 765 766 766 767 768 768 769 769 770 771 771 772 773 773 774 775 775 776 776 777 778 778 779 780 780 781 781 782 783 783 784 784 785 786 786 787 787 788 788 789 790 790 791 791 792 793 793 794 794 795 796 796 797 797 798 799 799 800 800 801 801 802 803 803 804 804 805 806 806 807 807 808 808 809 809 810 810 811 811 812 813 813 814 814 815 815 816 817 817 818 818 819 819 820 820 821 821 822 823 