777 0 -176.672 3.7959 0.570088 -0.0214058 0.569686 0.801683 0.0407402 0.800647 
777 0 -176.672 3.79596 0.570088 -0.021411 0.569686 0.801683 0.0407329 0.800648 
778 0 -176.672 3.796 0.570088 -0.0214079 0.569686 0.801683 0.0407373 0.800647 
779 0 -176.672 3.79606 0.640312 -0.0328043 0.639472 0.939726 0.0180518 0.939553 
779 0 -176.672 3.7961 0.640312 -0.032805 0.639472 0.939726 0.0180508 0.939553 
780 0 -176.672 3.79614 0.556454 0.0140345 0.556277 0.86479 0.0613695 0.86261 
781 0 -176.672 3.7962 0.612733 0.00130353 0.612732 0.970678 0.0371586 0.969967 
781 0 -176.672 3.79626 0.612733 0.00130304 0.612732 0.970678 0.0371578 0.969967 
782 0 -176.672 3.79636 0.612733 0.00129947 0.612732 0.970678 0.0371521 0.969967 
783 0 -176.672 3.79642 0.494975 -0.0797961 0.4885 0.758544 -0.121786 0.748703 
783 0 -176.671 3.7965 0.494975 -0.0797991 0.4885 0.758544 -0.121791 0.748703 
784 0 -176.671 3.7966 0.494975 -0.0797996 0.4885 0.758544 -0.121792 0.748702 
785 0 -176.671 3.79665 0.930054 -0.0086256 0.930014 1.62521 0.0194863 1.6251 
785 0 -176.671 3.79672 0.930054 -0.00861888 0.930014 1.62521 0.019498 1.6251 
786 0 -176.671 3.79679 1.07005 -0.0314141 1.06959 1.75377 -0.00151462 1.75377 
787 0 -176.671 3.79685 1.07005 -0.0313997 1.06959 1.75377 -0.00149103 1.75377 
787 0 -176.671 3.7969 1.07005 -0.0313965 1.06959 1.75377 -0.00148585 1.75377 
788 0 -176.671 3.79696 1.14018 -0.0428029 1.13937 1.82028 -0.0123559 1.82024 
788 0 -176.671 3.79705 1.14018 -0.0427962 1.13937 1.82028 -0.0123452 1.82024 
789 0 -176.671 3.79712 1.07005 -0.031404 1.06959 1.75726 -0.00206759 1.75725 
790 0 -176.671 3.79721 1.21037 -0.0542072 1.20916 2.02296 -0.0453935 2.02245 
791 0 -176.671 3.79733 1.07005 -0.031417 1.06959 1.89627 -0.0247707 1.89611 
791 0 -176.671 3.79736 1.07005 -0.0314191 1.06959 1.89627 -0.0247744 1.89611 
792 0 -176.671 3.7974 1.34907 -0.0957194 1.34567 2.12903 -0.078685 2.12758 
793 0 -176.672 3.79602 1.34907 -0.0957257 1.34567 2.12903 -0.078695 2.12758 
793 0 -176.672 3.79612 1.34907 -0.0957197 1.34567 2.12903 -0.0786855 2.12758 
794 0 -176.672 3.7962 1.61887 -0.0919032 1.61626 2.34459 -0.0756276 2.34337 
795 0 -176.672 3.79628 1.71026 -0.0641987 1.70906 2.52048 -0.0227861 2.52038 
796 0 -176.672 3.79636 1.85068 -0.087006 1.84863 2.74848 -0.0599516 2.74783 
796 0 -176.672 3.79642 1.85068 -0.0870078 1.84863 2.74848 -0.0599543 2.74783 
797 0 -176.672 3.79647 2.14009 -0.0628352 2.13917 3.01242 -0.0379695 3.01218 
798 0 -176.672 3.79653 2.07002 -0.051461 2.06938 2.87332 -0.0153146 2.87328 
798 0 -176.672 3.79658 2.07002 -0.0514599 2.06938 2.87332 -0.0153131 2.87328 
799 0 -176.672 3.79668 2.42074 -0.108467 2.41831 3.18771 -0.066574 3.18702 
800 0 -176.672 3.79674 2.3638 -0.095732 2.36186 3.07995 -0.0423556 3.07966 
800 0 -176.672 3.79676 2.3638 -0.0957281 2.36186 3.07995 -0.0423506 3.07966 
801 0 -176.672 3.79689 2.65337 -0.0714921 2.6524 3.33128 -0.0213473 3.33121 
802 0 -176.672 3.79697 2.5 -0.050021 2.4995 3.01817 0.0226142 3.01809 
802 0 -176.672 3.79703 2.5 -0.0500096 2.4995 3.01817 0.022628 3.01809 
803 0 -176.672 3.79709 2.78029 -0.0955794 2.77864 3.26231 -0.017227 3.26227 
804 0 -176.672 3.79718 2.55441 -0.200956 2.54649 2.77702 -0.220971 2.76821 
804 0 -176.672 3.79727 2.55441 -0.200975 2.54649 2.77702 -0.220992 2.76821 
805 0 -176.672 3.79737 2.64008 -0.072807 2.63907 2.83455 -0.112475 2.83232 
806 0 -176.672 3.79744 2.93002 -0.0486126 2.92961 3.31281 -0.0725297 3.31202 
806 0 -176.672 3.79751 2.93002 -0.0486354 2.92961 3.31281 -0.0725554 3.31202 
807 0 -176.672 3.79758 2.86007 -0.0372396 2.85983 3.24613 -0.0617015 3.24554 
808 0 -176.671 3.79765 3.4907 -0.139828 3.4879 4.49942 -0.265231 4.49159 
809 0 -176.671 3.79775 3.35037 -0.117019 3.34833 4.23222 -0.221899 4.2264 
809 0 -176.671 3.79781 3.35037 -0.116986 3.34833 4.23222 -0.221857 4.2264 
810 0 -176.671 3.7979 3.4907 -0.13975 3.4879 4.35699 -0.242046 4.35026 
811 0 -176.671 3.79803 3.2127 -0.0754567 3.21181 4.12309 -0.188142 4.11879 
811 0 -176.671 3.79814 3.2127 -0.0754886 3.21181 4.12309 -0.188183 4.11879 
812 0 -176.671 3.79825 3.74903 -0.0818119 3.74813 4.5718 -0.193467 4.5677 
813 0 -176.671 3.79839 3.59235 -0.0422973 3.5921 4.52561 -0.131533 4.52369 
814 0 -176.671 3.79849 3.71012 -0.104198 3.70866 4.73098 -0.246095 4.72457 
814 0 -176.671 3.79849 3.71012 -0.104198 3.70866 4.73098 -0.246095 4.72457 
815 0 -176.67 3.79575 3.79012 -0.0457741 3.78984 4.68257 -0.179559 4.67912 
816 0 -176.67 3.79578 3.55902 -0.137829 3.55635 4.50709 -0.299532 4.49713 
817 0 -176.67 3.79583 3.78021 -0.115522 3.77845 4.83013 -0.266836 4.82275 
818 0 -176.67 3.79588 3.72022 -0.034287 3.72006 4.94361 -0.179604 4.94035 
818 0 -176.67 3.79592 3.72022 -0.0342753 3.72006 4.94361 -0.179589 4.94035 
819 0 -176.67 3.79598 4.10319 -0.0609476 4.10274 5.26056 -0.201641 5.25669 
820 0 -176.67 3.79605 3.81315 -0.0851397 3.81219 5.01009 -0.222581 5.00515 
821 0 -176.67 3.79615 4.43706 -0.0961592 4.43602 5.89595 -0.238232 5.89114 
822 0 -176.67 3.79624 4.15718 -0.0506101 4.15688 5.65044 -0.198404 5.64695 
823 0 -176.67 3.7963 4.26555 -0.0446642 4.26532 5.74925 -0.17879 5.74647 
824 0 -176.67 3.79637 4.03596 -0.150044 4.03317 5.56007 -0.266296 5.55369 
824 0 -176.67 3.79645 4.03596 -0.150071 4.03317 5.56007 -0.266333 5.55368 
825 0 -176.67 3.79651 4.52682 -0.155971 4.52413 5.6646 -0.292608 5.65704 
826 0 -176.67 3.79655 4.7101 -0.123984 4.70846 6.0131 -0.231622 6.00864 
827 0 -176.669 3.79661 4.1503 -0.0328335 4.15017 4.87016 -0.0457036 4.86994 
828 0 -176.669 3.79671 4.43001 -0.0783377 4.42932 5.20844 -0.100726 5.20746 
828 0 -176.669 3.79678 4.43001 -0.0783625 4.42932 5.20844 -0.100755 5.20746 
829 0 -176.669 3.7969 4.7282 -0.00312187 4.7282 5.43692 -0.0383017 5.43678 
830 0 -176.669 3.79695 4.94607 -0.0683546 4.9456 5.80466 -0.14812 5.80277 
831 0 -176.669 3.79705 4.40972 -0.0620696 4.40928 5.35576 -0.142875 5.35386 
832 0 -176.669 3.79716 4.5684 -0.0879385 4.56755 5.57867 -0.182659 5.57568 
833 0 -176.669 3.79724 4.68645 -0.0810182 4.68575 5.66041 -0.159274 5.65817 
2 -176.669 3.79724 0 -0 0 0 -0 0 
833 0 -176.669 3.79732 4.68645 -0.081019 4.68575 5.66041 -0.159275 5.65817 
2 -176.669 3.79732 0 -0 0 0 -0 0 
834 0 -176.669 3.79743 4.83949 -0.129515 4.83776 5.78158 -0.19908 5.77815 
835 0 -176.669 3.7975 4.7811 -0.0616327 4.7807 5.69669 -0.101094 5.69579 
836 0 -176.669 3.79758 5.37513 -0.0119101 5.37512 6.85788 -0.00256159 6.85788 
836 0 -176.669 3.79767 5.37513 -0.0119292 5.37512 6.85788 -0.00258596 6.85788 
837 0 -176.668 3.79776 5.0847 -0.0361449 5.08457 6.42667 -0.0385329 6.42655 
838 0 -176.668 3.79779 5.32796 -0.00682906 5.32796 7.10525 -0.0122777 7.10524 
839 0 -176.668 3.79787 5.32796 -0.00681653 5.32796 7.10525 -0.012261 7.10524 
839 0 -176.67 3.79534 5.32796 -0.00686021 5.32796 7.10525 -0.0123193 7.10524 
840 0 -176.67 3.79541 5.01733 -0.0478309 5.0171 6.4754 -0.0391674 6.47528 
841 0 -176.67 3.79548 5.26591 -0.0228719 5.26586 6.87622 0.00105523 6.87622 
842 0 -176.67 3.79554 5.40581 0.0512525 5.40557 7.10669 0.115215 7.10576 
843 0 -176.67 3.79561 5.68341 0.0190404 5.68338 7.53964 0.0649292 7.53936 
843 0 -176.67 3.79565 5.68341 0.0189958 5.68338 7.53964 0.06487 7.53936 
844 0 -176.67 3.79571 4.9712 -0.0523865 4.97093 7.01777 0.00399026 7.01777 
845 0 -176.67 3.79573 4.9472 -0.0781584 4.94658 6.92795 -0.0468444 6.92779 
845 0 -176.67 3.79578 4.9472 -0.078146 4.94658 6.92795 -0.0468271 6.92779 
846 0 -176.67 3.79584 5.34655 -0.0430278 5.34638 7.21731 -0.00926612 7.21731 
847 0 -176.67 3.79588 5.48851 0.0447783 5.48833 7.59243 0.117214 7.59153 
848 0 -176.67 3.79593 5.14937 0.00222657 5.14937 7.41443 0.0924799 7.41385 
848 0 -176.67 3.796 5.14937 0.00221637 5.14937 7.41443 0.0924653 7.41386 
849 0 -176.67 3.7961 5.37755 -0.0350475 5.37743 7.42025 0.116807 7.41933 
850 0 -176.67 3.79616 5.37755 -0.0350621 5.37743 7.42025 0.116787 7.41933 
850 0 -176.669 3.79621 5.37755 -0.0351002 5.37743 7.42025 0.116734 7.41933 
851 0 -176.669 3.79633 5.90912 0.00477866 5.90912 7.72089 0.141 7.7196 
852 0 -176.669 3.79643 5.58165 0.0320214 5.58156 7.26143 0.179292 7.25922 
853 0 -176.669 3.79655 5.73866 0.00474269 5.73866 7.90264 0.118133 7.90176 
853 0 -176.669 3.79663 5.73866 0.004785 5.73866 7.90264 0.118191 7.90176 
854 0 -176.669 3.79668 5.73866 0.00478978 5.73866 7.90264 0.118198 7.90176 
855 0 -176.669 3.79676 6.02666 -0.0300389 6.02658 8.26129 0.0491705 8.26114 
855 0 -176.669 3.79685 6.02666 -0.0299828 6.02658 8.26129 0.0492475 8.26114 
856 0 -176.669 3.79689 6.02666 -0.0299674 6.02658 8.26129 0.0492686 8.26114 
857 0 -176.669 3.79695 5.81448 -0.051239 5.81425 7.9945 0.0122682 7.99449 
858 0 -176.669 3.79708 6.22442 -0.0334661 6.22433 8.60584 0.0387633 8.60576 
858 0 -176.669 3.79719 6.22442 -0.0334322 6.22433 8.60584 0.0388102 8.60576 
859 0 -176.669 3.79727 5.91367 -0.00452198 5.91367 8.35183 0.0626544 8.3516 
860 0 -176.669 3.79737 5.98988 -0.0300871 5.98981 8.57243 0.0212704 8.57241 
860 0 -176.669 3.79747 5.98988 -0.0300308 5.98981 8.57243 0.0213509 8.57241 
861 0 -176.669 3.79754 6.02874 -0.0494422 6.02854 8.24649 -0.029412 8.24644 
862 0 -176.669 3.79765 6.02391 -0.0032348 6.02391 8.28528 0.0450454 8.28515 
862 0 -176.669 3.79518 6.02391 -0.00323408 6.02391 8.28528 0.0450464 8.28515 
863 0 -176.669 3.79523 5.95507 0.0500125 5.95486 8.22422 0.0924683 8.2237 
864 0 -176.669 3.79529 6.16253 -0.0161993 6.16251 8.58342 -0.0190937 8.5834 
2 -176.669 3.79529 0 -0 0 0 -0 0 
864 0 -176.669 3.79536 6.16253 -0.0162244 6.16251 8.58342 -0.0191288 8.5834 
2 -176.669 3.79536 0 -0 0 0 -0 0 
865 0 -176.669 3.79541 5.69306 -0.0400141 5.69292 8.18661 -0.0392452 8.18651 
1 -176.669 3.79541 0 -0 0 0 -0 0 
866 0 -176.669 3.79549 5.54394 -0.0550089 5.54367 8.09317 -0.0486604 8.09302 
1 -176.669 3.79549 0.424052 0.0688888 0.418419 18.3239 2.97679 18.0805 
866 0 -176.669 3.79553 5.54394 -0.055004 5.54367 8.09317 -0.0486534 8.09302 
1 -176.669 3.79553 0.424052 0.0688892 0.418419 18.3239 2.9768 18.0805 
867 0 -176.669 3.7956 5.44455 -0.0650386 5.44416 7.9178 -0.0663354 7.91752 
1 -176.669 3.7956 0.424052 0.0688848 0.41842 9.16197 1.48831 9.04028 
868 0 -176.669 3.79566 5.28961 0.0616714 5.28925 8.12706 0.0675414 8.12678 
1 -176.669 3.79566 0.756472 0.0559352 0.754401 10.3133 0.828281 10.28 
868 0 -176.669 3.79572 5.28961 0.061643 5.28925 8.12706 0.0674978 8.12678 
1 -176.669 3.79572 0.756472 0.0559312 0.754402 10.3133 0.828226 10.28 
869 0 -176.669 3.79579 5.28961 0.0616197 5.28925 8.12706 0.0674621 8.12678 
1 -176.669 3.79579 0.756472 0.0559278 0.754402 7.73498 0.621136 7.71 
870 0 -176.669 3.79586 5.28961 0.0616498 5.28925 8.12706 0.0675082 8.12678 
1 -176.669 3.79586 1.08027 0.0650897 1.07831 8.81458 0.571244 8.79605 
870 0 -176.669 3.79591 5.28961 0.0616306 5.28925 8.12706 0.0674787 8.12678 
1 -176.669 3.79591 1.08027 0.0650858 1.07831 8.81458 0.571213 8.79605 
871 0 -176.669 3.79599 5.28961 0.0616212 5.28925 8.12706 0.0674642 8.12678 
1 -176.669 3.79599 1.08027 0.0650839 1.07831 7.34548 0.475997 7.33004 
872 0 -176.669 3.79611 5.28961 0.0616178 5.28925 8.12706 0.0674591 8.12678 
1 -176.669 3.79611 1.52726 0.0865305 1.52481 8.55599 0.516431 8.54039 
873 0 -176.669 3.79613 5.28961 0.0616352 5.28925 8.12706 0.0674857 8.12678 
1 -176.669 3.79613 1.80025 0.113793 1.79665 8.85919 0.588946 8.83959 
873 0 -176.669 3.79622 5.28961 0.0615968 5.28925 8.12706 0.0674267 8.12678 
1 -176.669 3.79622 1.80025 0.11378 1.79665 8.85919 0.588882 8.8396 
874 0 -176.668 3.7963 5.28961 0.0615409 5.28925 8.12706 0.0673409 8.12678 
1 -176.668 3.7963 2.20503 0.0577324 2.20427 8.60384 0.422196 8.59347 
875 0 -176.668 3.79642 5.28961 0.0615197 5.28925 8.12706 0.0673084 8.12678 
1 -176.668 3.79642 2.68847 0.0828136 2.68719 9.73961 0.483516 9.7276 
875 0 -176.668 3.79647 5.28961 0.0615506 5.28925 8.12706 0.0673558 8.12678 
1 -176.668 3.79647 2.68847 0.0828293 2.68719 9.73961 0.483573 9.7276 
876 0 -176.668 3.79657 5.28961 0.0615509 5.28925 8.12706 0.0673563 8.12678 
1 -176.668 3.79657 2.68847 0.0828295 2.68719 8.85419 0.439612 8.84327 
877 0 -176.668 3.79664 5.28961 0.0616078 5.28925 8.12706 0.0674436 8.12678 
1 -176.668 3.79664 2.93495 -0.0161276 2.9349 8.82772 0.115098 8.82697 
3 -176.668 3.79664 0 -0 0 0 -0 0 
877 0 -176.668 3.79672 5.28961 0.0616102 5.28925 8.12706 0.0674474 8.12678 
1 -176.668 3.79672 2.93495 -0.0161262 2.9349 8.82772 0.115102 8.82697 
3 -176.668 3.79672 0 -0 0 0 -0 0 
878 0 -176.668 3.79679 5.28961 0.0615701 5.28925 8.12706 0.0673858 8.12678 
1 -176.668 3.79679 2.93495 -0.0161485 2.9349 8.14866 0.106186 8.14797 
2 -176.668 3.79679 0 -0 0 0 -0 0 
879 0 -176.668 3.79688 5.28961 0.0615349 5.28925 8.12706 0.0673316 8.12678 
1 -176.668 3.79688 3.35344 0.0159301 3.3534 8.58417 0.176506 8.58236 
2 -176.668 3.79688 0.593274 0.0360448 0.592178 20.1719 1.22556 20.1346 
880 0 -176.668 3.79694 5.28961 0.061527 5.28925 8.12706 0.0673195 8.12678 
1 -176.668 3.79694 3.35344 0.0159251 3.3534 8.0119 0.164727 8.0102 
2 -176.668 3.79694 0.593274 0.0360439 0.592178 10.0859 0.612763 10.0673 
880 0 -176.668 3.79703 5.28961 0.0615185 5.28925 8.12706 0.0673065 8.12678 
1 -176.668 3.79703 3.35344 0.0159198 3.3534 8.0119 0.164714 8.0102 
2 -176.668 3.79703 0.593274 0.036043 0.592178 10.0859 0.612747 10.0673 
881 0 -176.668 3.79716 5.28961 0.0614594 5.28925 8.12706 0.0672157 8.12678 
1 -176.668 3.79716 3.79032 0.036338 3.79014 7.99368 0.176918 7.99172 
2 -176.668 3.79716 0.869995 0.00377543 0.869987 8.35011 0.218473 8.34725 
882 0 -176.668 3.79726 5.28961 0.061424 5.28925 8.12706 0.0671612 8.12678 
1 -176.668 3.79726 3.79032 0.0363127 3.79015 7.52346 0.166461 7.52162 
2 -176.668 3.79726 0.869995 0.00376961 0.869987 6.26258 0.163813 6.26044 
882 0 -176.668 3.79732 5.28961 0.061409 5.28925 8.12706 0.0671383 8.12678 
1 -176.668 3.79732 3.79032 0.036302 3.79015 7.52346 0.16644 7.52162 
2 -176.668 3.79732 0.869995 0.00376716 0.869987 6.26258 0.163795 6.26044 
883 0 -176.668 3.79742 5.28961 0.0614555 5.28925 8.12706 0.0672096 8.12678 
1 -176.668 3.79742 3.79032 0.0363352 3.79014 7.52346 0.166506 7.52162 
2 -176.668 3.79742 1.31506 0.0482978 1.31417 6.60417 0.290398 6.59779 
884 0 -176.668 3.79752 5.28961 0.0614647 5.28925 8.12706 0.0672238 8.12678 
1 -176.668 3.79752 3.79032 0.0363418 3.79014 7.52346 0.166519 7.52162 
2 -176.668 3.79752 1.31506 0.0483001 1.31417 5.50348 0.242008 5.49816 
884 0 -176.668 3.79759 5.28961 0.0614873 5.28925 8.12706 0.0672585 8.12678 
1 -176.668 3.79759 3.79032 0.036358 3.79014 7.52346 0.166551 7.52162 
2 -176.668 3.79759 1.31506 0.0483057 1.31417 5.50348 0.242031 5.49815 
885 0 -176.668 3.79759 5.28961 0.0614873 5.28925 8.12706 0.0672585 8.12678 
1 -176.668 3.79759 3.79032 0.036358 3.79014 7.52346 0.166551 7.52162 
2 -176.668 3.79759 1.6151 0.0684695 1.61365 5.50621 0.260466 5.50004 
885 0 -176.668 3.79768 5.28961 0.0614589 5.28925 8.12706 0.067215 8.12678 
1 -176.668 3.79768 3.79032 0.0363377 3.79014 7.52346 0.16651 7.52162 
2 -176.668 3.79768 1.6151 0.0684608 1.61365 5.50621 0.260436 5.50004 
886 0 -176.669 3.79521 3.79032 0.0363361 3.79014 7.52346 0.166507 7.52162 
1 -176.669 3.79521 1.96647 0.0705196 1.9652 5.55464 0.232199 5.54978 
887 0 -176.669 3.79525 3.79032 0.0363336 3.79014 7.52346 0.166502 7.52162 
1 -176.669 3.79525 2.32565 0.106404 2.32321 6.5413 0.366559 6.53102 
887 0 -176.669 3.7953 3.79032 0.0363318 3.79014 7.52346 0.166499 7.52162 
1 -176.669 3.7953 2.32565 0.106403 2.32321 6.5413 0.366556 6.53102 
888 0 -176.669 3.79535 3.79032 0.0363355 3.79014 7.52346 0.166506 7.52162 
1 -176.669 3.79535 2.77151 0.150928 2.7674 6.65166 0.406218 6.63924 
889 0 -176.669 3.79541 3.79032 0.0363483 3.79014 7.52346 0.166531 7.52162 
1 -176.669 3.79541 2.77151 0.150937 2.7674 6.04696 0.369309 6.03567 
889 0 -176.669 3.79547 3.79032 0.0363406 3.79014 7.52346 0.166516 7.52162 
1 -176.669 3.79547 2.77151 0.150932 2.7674 6.04696 0.369297 6.03567 
890 0 -176.669 3.79555 3.79032 0.0363559 3.79014 7.52346 0.166547 7.52162 
1 -176.669 3.79555 3.22042 0.135959 3.21755 6.17926 0.317294 6.17111 
3 -176.669 3.79555 0 -0 0 0 -0 0 
890 0 -176.669 3.79561 3.79032 0.0363555 3.79014 7.52346 0.166546 7.52162 
1 -176.669 3.79561 3.22042 0.135959 3.21755 6.17926 0.317293 6.17111 
3 -176.669 3.79561 0 -0 0 0 -0 0 
891 0 -176.669 3.79568 3.79032 0.0363499 3.79014 7.52346 0.166535 7.52162 
1 -176.669 3.79568 3.22042 0.135954 3.21755 5.70393 0.292878 5.69641 
2 -176.669 3.79568 0 -0 0 0 -0 0 
892 0 -176.669 3.79573 3.79032 0.0363285 3.79015 7.52346 0.166492 7.52162 
1 -176.669 3.79573 3.54949 0.0722407 3.54876 6.42436 0.0537302 6.42414 
2 -176.669 3.79573 0.412311 0.152368 0.383124 19.7741 7.30745 18.3744 
892 0 -176.669 3.7958 3.79032 0.0363099 3.79015 7.52346 0.166455 7.52162 
1 -176.669 3.7958 3.54949 0.0722232 3.54876 6.42436 0.0536986 6.42414 
2 -176.669 3.7958 0.412311 0.152366 0.383125 19.7741 7.30736 18.3744 
893 0 -176.669 3.79584 3.79032 0.0363595 3.79014 7.52346 0.166554 7.52162 
1 -176.669 3.79584 3.54949 0.0722697 3.54876 5.99607 0.0501972 5.99586 
2 -176.669 3.79584 0.412311 0.152371 0.383123 9.88707 3.6538 9.18716 
894 0 -176.669 3.7959 3.79032 0.0363561 3.79014 7.52346 0.166547 7.52162 
1 -176.669 3.7959 3.92958 0.13713 3.92719 6.65804 0.224138 6.65427 
2 -176.669 3.7959 0.852305 0.210226 0.825971 12.9932 3.27827 12.5729 
894 0 -176.669 3.79597 3.79032 0.0363449 3.79014 7.52346 0.166525 7.52162 
1 -176.669 3.79597 3.92958 0.137118 3.92719 6.65804 0.224118 6.65427 
2 -176.669 3.79597 0.852305 0.210224 0.825971 12.9932 3.27824 12.5729 
895 0 -176.669 3.79603 3.79032 0.0363564 3.79014 7.52346 0.166548 7.52162 
1 -176.669 3.79603 3.92958 0.13713 3.92719 6.26639 0.210954 6.26284 
2 -176.669 3.79603 0.852305 0.210227 0.825971 9.74492 2.45871 9.42964 
895 0 -176.669 3.7961 3.79032 0.0363485 3.79014 7.52346 0.166532 7.52162 
1 -176.669 3.7961 3.92958 0.137122 3.92719 6.26639 0.210941 6.26284 
2 -176.669 3.7961 0.852305 0.210225 0.825971 9.74492 2.45869 9.42965 
896 0 -176.669 3.79614 3.79032 0.0363387 3.79014 7.52346 0.166512 7.52162 
1 -176.669 3.79614 3.92958 0.137112 3.92719 6.26639 0.210925 6.26284 
2 -176.669 3.79614 1.20531 0.19993 1.18861 8.93789 1.93337 8.72628 
897 0 -176.669 3.79621 3.79032 0.0363421 3.79014 7.52346 0.166519 7.52162 
1 -176.669 3.79621 3.92958 0.137115 3.92719 6.26639 0.21093 6.26284 
2 -176.669 3.79621 1.20531 0.199931 1.18861 7.44824 1.61114 7.2719 
897 0 -176.669 3.79627 3.79032 0.0363617 3.79014 7.52346 0.166558 7.52162 
1 -176.669 3.79627 3.92958 0.137136 3.92719 6.26639 0.210963 6.26284 
2 -176.669 3.79627 1.20531 0.199937 1.18861 7.44824 1.61118 7.27189 
898 0 -176.669 3.79634 3.92958 0.137107 3.92719 6.26639 0.210916 6.26284 
1 -176.669 3.79634 1.47694 0.204087 1.46277 6.99842 1.39046 6.8589 
899 0 -176.669 3.79641 3.92958 0.137079 3.92719 6.26639 0.210873 6.26284 
1 -176.669 3.79641 1.73658 0.229987 1.72129 7.36064 1.34049 7.23755 
899 0 -176.669 3.79647 3.92958 0.137078 3.92719 6.26639 0.21087 6.26284 
1 -176.669 3.79647 1.73658 0.229986 1.72129 7.36064 1.34049 7.23755 
900 0 -176.669 3.79654 3.92958 0.137087 3.92719 6.26639 0.210885 6.26284 
1 -176.669 3.79654 1.73658 0.229991 1.72129 6.54279 1.19156 6.43338 
901 0 -176.669 3.79662 3.92958 0.137095 3.92719 6.26639 0.210898 6.26284 
1 -176.669 3.79662 2.14709 0.297526 2.12638 7.51439 1.33981 7.39398 
3 -176.669 3.79662 0 -0 0 0 -0 0 
901 0 -176.669 3.7967 3.92958 0.137102 3.92719 6.26639 0.210909 6.26284 
1 -176.669 3.7967 2.14709 0.29753 2.12638 7.51439 1.33982 7.39398 
3 -176.669 3.7967 0 -0 0 0 -0 0 
902 0 -176.669 3.79677 3.92958 0.137084 3.92719 6.26639 0.210881 6.26284 
1 -176.669 3.79677 2.14709 0.297521 2.12638 6.83126 1.21799 6.7218 
2 -176.669 3.79677 0 -0 0 0 -0 0 
903 0 -176.669 3.79683 3.92958 0.137066 3.92719 6.26639 0.210851 6.26284 
1 -176.669 3.79683 2.55537 0.278869 2.54011 7.52895 1.05822 7.45421 
2 -176.669 3.79683 0.504715 -0.097512 0.495206 18.9216 -3.65569 18.5651 
903 0 -176.669 3.79692 3.92958 0.137078 3.92719 6.26639 0.210871 6.26284 
1 -176.669 3.79692 2.55537 0.278877 2.54011 7.52895 1.05825 7.4542 
2 -176.669 3.79692 0.504715 -0.0975104 0.495206 18.9216 -3.65563 18.5651 
904 0 -176.669 3.79703 3.92958 0.137068 3.92719 6.26639 0.210855 6.26284 
1 -176.669 3.79703 2.55537 0.27887 2.54011 6.9498 0.976825 6.88081 
2 -176.669 3.79703 0.504715 -0.0975117 0.495206 9.4608 -1.82784 9.28255 
905 0 -176.669 3.79708 3.92958 0.13708 3.92719 6.26639 0.210874 6.26284 
1 -176.669 3.79708 2.91548 0.241921 2.90542 7.6982 0.778652 7.65872 
2 -176.669 3.79708 0.670017 0.0436903 0.668591 9.06348 1.07115 8.99996 
905 0 -176.669 3.7971 3.92958 0.137075 3.92719 6.26639 0.210866 6.26284 
1 -176.669 3.7971 2.91548 0.241918 2.90542 7.6982 0.778643 7.65872 
2 -176.669 3.7971 0.670017 0.0436895 0.668591 9.06348 1.07113 8.99997 
906 0 -176.669 3.79721 3.92958 0.137061 3.92719 6.26639 0.210843 6.26284 
1 -176.669 3.79721 2.91548 0.241907 2.90542 7.18499 0.726707 7.14814 
2 -176.669 3.79721 0.670017 0.043687 0.668591 6.79761 0.803326 6.74998 
906 0 -176.669 3.79725 3.92958 0.137027 3.92719 6.26639 0.210788 6.26285 
1 -176.669 3.79725 2.91548 0.241882 2.90542 7.18499 0.726645 7.14815 
2 -176.669 3.79725 0.670017 0.0436812 0.668592 6.79761 0.803267 6.74998 
907 0 -176.669 3.79731 3.92958 0.137041 3.92719 6.26639 0.210811 6.26285 
1 -176.669 3.79731 2.91548 0.241892 2.90542 7.18499 0.72667 7.14815 
2 -176.669 3.79731 0.670017 0.0436836 0.668592 5.43809 0.642633 5.39999 
4 -176.669 3.79731 0 -0 0 0 -0 0 
908 0 -176.669 3.79731 3.92958 0.137041 3.92719 6.26639 0.210811 6.26285 
1 -176.669 3.79731 2.91548 0.241892 2.90542 7.18499 0.72667 7.14815 
2 -176.669 3.79731 0.670017 0.0436836 0.668592 4.53174 0.535528 4.49999 
3 -176.669 3.79731 0 -0 0 0 -0 0 
908 0 -176.669 3.79737 3.92958 0.13704 3.92719 6.26639 0.210811 6.26285 
1 -176.669 3.79737 2.91548 0.241892 2.90542 7.18499 0.72667 7.14815 
2 -176.669 3.79737 0.670017 0.0436836 0.668592 4.53174 0.535528 4.49999 
3 -176.669 3.79737 0 -0 0 0 -0 0 
909 0 -176.67 3.79579 3.92958 0.137035 3.92719 6.26639 0.210803 6.26285 
1 -176.67 3.79579 2.91548 0.241888 2.90542 7.18499 0.726661 7.14815 
2 -176.67 3.79579 0.670017 0.0436827 0.668592 3.88435 0.459019 3.85713 
3 -176.67 3.79579 0.406423 0.0917336 0.395935 7.21452 1.62839 7.02835 
910 0 -176.67 3.79582 3.92958 0.137025 3.92719 6.26639 0.210787 6.26285 
1 -176.67 3.79582 2.91548 0.241881 2.90542 7.18499 0.726643 7.14815 
2 -176.67 3.79582 1.07429 -0.0260514 1.07398 5.45355 0.0441185 5.45337 
3 -176.67 3.79582 0.406423 0.0917326 0.395935 3.60726 0.814185 3.51418 
910 0 -176.67 3.79588 3.92958 0.137038 3.92719 6.26639 0.210806 6.26285 
1 -176.67 3.79588 2.91548 0.24189 2.90542 7.18499 0.726665 7.14815 
2 -176.67 3.79588 1.07429 -0.0260481 1.07398 5.45355 0.0441353 5.45337 
3 -176.67 3.79588 0.406423 0.0917339 0.395935 3.60726 0.814196 3.51417 
911 0 -176.67 3.79593 2.91548 0.241907 2.90542 7.18499 0.726707 7.14814 
1 -176.67 3.79593 1.07429 -0.0260418 1.07398 4.8476 0.0392597 4.84744 
2 -176.67 3.79593 0.406423 0.0917362 0.395934 2.40484 0.542811 2.34278 
912 0 -176.67 3.796 2.91548 0.241913 2.90542 7.18499 0.726722 7.14814 
1 -176.67 3.796 1.46306 0.103236 1.45942 5.84859 0.525765 5.82491 
2 -176.67 3.796 0.406423 0.0917371 0.395934 1.80363 0.407112 1.75708 
912 0 -176.67 3.79607 2.91548 0.241931 2.90542 7.18499 0.726767 7.14814 
1 -176.67 3.79607 1.46306 0.103245 1.45941 5.84859 0.525801 5.82491 
2 -176.67 3.79607 0.406423 0.0917395 0.395934 1.80363 0.407123 1.75708 
913 0 -176.67 3.79617 2.91548 0.241952 2.90542 7.18499 0.726818 7.14813 
1 -176.67 3.79617 1.46306 0.103255 1.45941 5.3169 0.478039 5.29537 
2 -176.67 3.79617 0.406423 0.0917424 0.395933 1.4429 0.325709 1.40566 
914 0 -176.67 3.79625 2.91548 0.24196 2.90542 7.18499 0.726838 7.14813 
1 -176.67 3.79625 1.46306 0.103259 1.45941 5.3169 0.478053 5.29537 
2 -176.67 3.79625 0.406423 0.0917434 0.395933 1.20242 0.271427 1.17138 
914 0 -176.67 3.7963 2.91548 0.241972 2.90542 7.18499 0.726868 7.14813 
1 -176.67 3.7963 1.46306 0.103265 1.45941 5.3169 0.478076 5.29536 
2 -176.67 3.7963 0.406423 0.0917451 0.395932 1.20242 0.271432 1.17138 
915 0 -176.67 3.79637 2.91548 0.241971 2.90542 7.18499 0.726864 7.14813 
1 -176.67 3.79637 1.46306 0.103264 1.45941 5.3169 0.478073 5.29536 
2 -176.67 3.79637 0.406423 0.0917449 0.395932 1.03065 0.232655 1.00404 
4 -176.67 3.79637 0 -0 0 0 -0 0 
916 0 -176.671 3.79644 2.91548 0.241971 2.90542 7.18499 0.726864 7.14813 
1 -176.671 3.79644 1.46306 0.103264 1.45941 5.3169 0.478073 5.29536 
2 -176.671 3.79644 0.761577 0.165172 0.74345 2.50109 0.534206 2.44337 
3 -176.671 3.79644 0 -0 0 0 -0 0 
916 0 -176.671 3.79649 2.91548 0.24195 2.90542 7.18499 0.726812 7.14813 
1 -176.671 3.79649 1.46306 0.103254 1.45941 5.3169 0.478034 5.29537 
2 -176.671 3.79649 0.761577 0.165166 0.743451 2.50109 0.534189 2.44337 
3 -176.671 3.79649 0 -0 0 0 -0 0 
917 0 -176.671 3.79652 2.91548 0.241946 2.90542 7.18499 0.726804 7.14813 
1 -176.671 3.79652 1.46306 0.103252 1.45941 5.3169 0.478029 5.29537 
2 -176.671 3.79652 0.761577 0.165166 0.743452 2.22319 0.474832 2.17189 
3 -176.671 3.79652 0 -0 0 0 -0 0 
917 0 -176.671 3.79657 2.91548 0.241911 2.90542 7.18499 0.726717 7.14814 
1 -176.671 3.79657 1.46306 0.103234 1.45942 5.3169 0.477964 5.29537 
2 -176.671 3.79657 0.761577 0.165157 0.743454 2.22319 0.474806 2.17189 
3 -176.671 3.79657 0 -0 0 0 -0 0 
918 0 -176.671 3.7966 2.91548 0.241879 2.90543 7.18499 0.726638 7.14815 
1 -176.671 3.7966 1.46306 0.103218 1.45942 5.3169 0.477905 5.29538 
2 -176.671 3.7966 0.761577 0.165148 0.743455 2.22319 0.474782 2.1719 
3 -176.671 3.7966 0 -0 0 0 -0 0 
5 -176.671 3.7966 0 -0 0 0 -0 0 
919 0 -176.671 3.79662 2.91548 0.24188 2.90542 7.18499 0.726641 7.14815 
1 -176.671 3.79662 1.46306 0.103219 1.45942 5.3169 0.477908 5.29538 
2 -176.671 3.79662 0.761577 0.165149 0.743455 2.22319 0.474783 2.1719 
3 -176.671 3.79662 0 -0 0 0 -0 0 
4 -176.671 3.79662 0 -0 0 0 -0 0 
919 0 -176.671 3.79664 2.91548 0.241883 2.90542 7.18499 0.726649 7.14815 
1 -176.671 3.79664 1.46306 0.103221 1.45942 5.3169 0.477914 5.29538 
2 -176.671 3.79664 0.761577 0.16515 0.743455 2.22319 0.474785 2.1719 
3 -176.671 3.79664 0 -0 0 0 -0 0 
4 -176.671 3.79664 0 -0 0 0 -0 0 
920 0 -176.671 3.79666 1.46306 0.103231 1.45942 5.3169 0.477951 5.29538 
1 -176.671 3.79666 0.761577 0.165155 0.743454 2.22319 0.4748 2.1719 
2 -176.671 3.79666 0 -0 0 0 -0 0 
3 -176.671 3.79666 0 -0 0 0 -0 0 
921 0 -176.671 3.79668 1.46306 0.103232 1.45942 5.3169 0.477955 5.29538 
1 -176.671 3.79668 0.761577 0.165155 0.743454 2.22319 0.474802 2.1719 
2 -176.671 3.79668 0 -0 0 0 -0 0 
3 -176.671 3.79668 0 -0 0 0 -0 0 
921 0 -176.671 3.79672 1.46306 0.10324 1.45942 5.3169 0.477985 5.29537 
1 -176.671 3.79672 0.761577 0.16516 0.743453 2.22319 0.474814 2.17189 
2 -176.671 3.79672 0 -0 0 0 -0 0 
3 -176.671 3.79672 0 -0 0 0 -0 0 
922 0 -176.671 3.7968 1.46306 0.103252 1.45941 5.3169 0.478026 5.29537 
1 -176.671 3.7968 0.761577 0.165165 0.743452 2.22319 0.474831 2.17189 
2 -176.671 3.7968 0 -0 0 0 -0 0 
3 -176.671 3.7968 0 -0 0 0 -0 0 
5 -176.671 3.7968 0 -0 0 0 -0 0 
923 0 -176.671 3.79687 0.761577 0.165171 0.74345 2.22319 0.474849 2.17188 
1 -176.671 3.79687 0 -0 0 0 -0 0 
2 -176.671 3.79687 0 -0 0 0 -0 0 
3 -176.671 3.79687 0 -0 0 0 -0 0 
923 0 -176.671 3.79693 0.761577 0.165169 0.743451 2.22319 0.474841 2.17189 
1 -176.671 3.79693 0 -0 0 0 -0 0 
2 -176.671 3.79693 0 -0 0 0 -0 0 
3 -176.671 3.79693 0 -0 0 0 -0 0 
924 0 -176.671 3.79707 0.761577 0.165169 0.743451 2.22319 0.474843 2.17189 
1 -176.671 3.79707 0 -0 0 0 -0 0 
2 -176.671 3.79707 0 -0 0 0 -0 0 
3 -176.671 3.79707 0 -0 0 0 -0 0 
925 0 -176.671 3.79717 0 -0 0 0 -0 0 
1 -176.671 3.79717 0 -0 0 0 -0 0 
2 -176.671 3.79717 0 -0 0 0 -0 0 
925 0 -176.671 3.79724 0 -0 0 0 -0 0 
1 -176.671 3.79724 0 -0 0 0 -0 0 
2 -176.671 3.79724 0 -0 0 0 -0 0 
926 0 -176.671 3.79734 0 -0 0 0 -0 0 
1 -176.671 3.79734 0 -0 0 0 -0 0 
2 -176.671 3.79734 0 -0 0 0 -0 0 
4 -176.671 3.79734 0 -0 0 0 -0 0 
927 0 -176.671 3.79742 0 -0 0 0 -0 0 
1 -176.671 3.79742 0 -0 0 0 -0 0 
2 -176.671 3.79742 0 -0 0 0 -0 0 
3 -176.671 3.79742 0 -0 0 0 -0 0 
927 0 -176.671 3.79747 0 -0 0 0 -0 0 
1 -176.671 3.79747 0 -0 0 0 -0 0 
2 -176.671 3.79747 0 -0 0 0 -0 0 
3 -176.671 3.79747 0 -0 0 0 -0 0 
928 0 -176.671 3.79752 0 -0 0 0 -0 0 
1 -176.671 3.79752 0 -0 0 0 -0 0 
2 -176.671 3.79752 0 -0 0 0 -0 0 
3 -176.671 3.79752 0 -0 0 0 -0 0 
928 0 -176.671 3.79757 0 -0 0 0 -0 0 
1 -176.671 3.79757 0 -0 0 0 -0 0 
2 -176.671 3.79757 0 -0 0 0 -0 0 
3 -176.671 3.79757 0 -0 0 0 -0 0 
929 0 -176.671 3.7976 0 -0 0 0 -0 0 
1 -176.671 3.7976 0 -0 0 0 -0 0 
2 -176.671 3.7976 0 -0 0 0 -0 0 
930 0 -176.671 3.79762 0 -0 0 0 -0 0 
1 -176.671 3.79762 0 -0 0 0 -0 0 
2 -176.671 3.79762 0 -0 0 0 -0 0 
4 -176.671 3.79762 0 -0 0 0 -0 0 
930 0 -176.671 3.79764 0 -0 0 0 -0 0 
1 -176.671 3.79764 0 -0 0 0 -0 0 
2 -176.671 3.79764 0 -0 0 0 -0 0 
4 -176.671 3.79764 0 -0 0 0 -0 0 
931 0 -176.671 3.79765 0 -0 0 0 -0 0 
1 -176.671 3.79765 0 -0 0 0 -0 0 
2 -176.671 3.79765 0 -0 0 0 -0 0 
3 -176.671 3.79765 0 -0 0 0 -0 0 
931 0 -176.671 3.79768 0 -0 0 0 -0 0 
1 -176.671 3.79768 0 -0 0 0 -0 0 
2 -176.671 3.79768 0 -0 0 0 -0 0 
3 -176.671 3.79768 0 -0 0 0 -0 0 
932 0 -176.67 3.79661 0 -0 0 0 -0 0 
1 -176.67 3.79661 0 -0 0 0 -0 0 
2 -176.67 3.79661 0 -0 0 0 -0 0 
933 0 -176.67 3.79666 0 -0 0 0 -0 0 
1 -176.67 3.79666 0 -0 0 0 -0 0 
2 -176.67 3.79666 0 -0 0 0 -0 0 
4 -176.67 3.79666 0 -0 0 0 -0 0 
933 0 -176.67 3.79671 0 -0 0 0 -0 0 
1 -176.67 3.79671 0 -0 0 0 -0 0 
2 -176.67 3.79671 0 -0 0 0 -0 0 
4 -176.67 3.79671 0 -0 0 0 -0 0 
934 0 -176.67 3.7968 0 -0 0 0 -0 0 
1 -176.67 3.7968 0 -0 0 0 -0 0 
2 -176.67 3.7968 0 -0 0 0 -0 0 
3 -176.67 3.7968 0 -0 0 0 -0 0 
934 0 -176.67 3.79689 0 -0 0 0 -0 0 
1 -176.67 3.79689 0 -0 0 0 -0 0 
2 -176.67 3.79689 0 -0 0 0 -0 0 
3 -176.67 3.79689 0 -0 0 0 -0 0 
935 0 -176.67 3.79699 0 -0 0 0 -0 0 
1 -176.67 3.79699 0 -0 0 0 -0 0 
2 -176.67 3.79699 0 -0 0 0 -0 0 
3 -176.67 3.79699 0 -0 0 0 -0 0 
935 0 -176.67 3.79709 0 -0 0 0 -0 0 
1 -176.67 3.79709 0 -0 0 0 -0 0 
2 -176.67 3.79709 0 -0 0 0 -0 0 
3 -176.67 3.79709 0 -0 0 0 -0 0 
936 0 -176.671 3.79718 0 -0 0 0 -0 0 
1 -176.671 3.79718 0 -0 0 0 -0 0 
2 -176.671 3.79718 0 -0 0 0 -0 0 
937 0 -176.671 3.79723 0 -0 0 0 -0 0 
1 -176.671 3.79723 0 -0 0 0 -0 0 
2 -176.671 3.79723 0 -0 0 0 -0 0 
4 -176.671 3.79723 0 -0 0 0 -0 0 
937 0 -176.671 3.79727 0 -0 0 0 -0 0 
1 -176.671 3.79727 0 -0 0 0 -0 0 
2 -176.671 3.79727 0 -0 0 0 -0 0 
4 -176.671 3.79727 0 -0 0 0 -0 0 
938 0 -176.671 3.79732 0 -0 0 0 -0 0 
1 -176.671 3.79732 0 -0 0 0 -0 0 
2 -176.671 3.79732 0 -0 0 0 -0 0 
3 -176.671 3.79732 0 -0 0 0 -0 0 
938 0 -176.671 3.79735 0 -0 0 0 -0 0 
1 -176.671 3.79735 0 -0 0 0 -0 0 
2 -176.671 3.79735 0 -0 0 0 -0 0 
3 -176.671 3.79735 0 -0 0 0 -0 0 
939 0 -176.671 3.79737 0 -0 0 0 -0 0 
1 -176.671 3.79737 0 -0 0 0 -0 0 
2 -176.671 3.79737 0 -0 0 0 -0 0 
3 -176.671 3.79737 0 -0 0 0 -0 0 
939 0 -176.671 3.79738 0 -0 0 0 -0 0 
1 -176.671 3.79738 0 -0 0 0 -0 0 
2 -176.671 3.79738 0 -0 0 0 -0 0 
3 -176.671 3.79738 0 -0 0 0 -0 0 
940 0 -176.671 3.7974 0 -0 0 0 -0 0 
1 -176.671 3.7974 0 -0 0 0 -0 0 
2 -176.671 3.7974 0 -0 0 0 -0 0 
941 0 -176.671 3.79742 0 -0 0 0 -0 0 
1 -176.671 3.79742 0 -0 0 0 -0 0 
2 -176.671 3.79742 0 -0 0 0 -0 0 
941 0 -176.671 3.79744 0 -0 0 0 -0 0 
1 -176.671 3.79744 0 -0 0 0 -0 0 
2 -176.671 3.79744 0 -0 0 0 -0 0 
942 0 -176.671 3.79748 0 -0 0 0 -0 0 
1 -176.671 3.79748 0 -0 0 0 -0 0 
2 -176.671 3.79748 0 -0 0 0 -0 0 
942 0 -176.671 3.79752 0 -0 0 0 -0 0 
1 -176.671 3.79752 0 -0 0 0 -0 0 
2 -176.671 3.79752 0 -0 0 0 -0 0 
943 0 -176.671 3.79761 0 -0 0 0 -0 0 
1 -176.671 3.79761 0 -0 0 0 -0 0 
2 -176.671 3.79761 0 -0 0 0 -0 0 
943 0 -176.671 3.7977 0 -0 0 0 -0 0 
1 -176.671 3.7977 0 -0 0 0 -0 0 
2 -176.671 3.7977 0 -0 0 0 -0 0 
944 0 -176.671 3.79781 0 -0 0 0 -0 0 
1 -176.671 3.79781 0 -0 0 0 -0 0 
945 0 -176.671 3.79788 0 -0 0 0 -0 0 
1 -176.671 3.79788 0 -0 0 0 -0 0 
945 0 -176.671 3.79799 0 -0 0 0 -0 0 
1 -176.671 3.79799 0 -0 0 0 -0 0 
946 0 -176.671 3.79809 0 -0 0 0 -0 0 
1 -176.671 3.79809 0 -0 0 0 -0 0 
946 0 -176.671 3.79815 0 -0 0 0 -0 0 
1 -176.671 3.79815 0 -0 0 0 -0 0 
947 0 -176.671 3.79825 0 -0 0 0 -0 0 
947 0 -176.671 3.79829 0 -0 0 0 -0 0 
948 0 -176.671 3.79832 0 -0 0 0 -0 0 
949 0 -176.671 3.79833 0 -0 0 0 -0 0 
949 0 -176.671 3.79835 0 -0 0 0 -0 0 
950 0 -176.671 3.79839 0 -0 0 0 -0 0 
950 0 -176.671 3.79841 0 -0 0 0 -0 0 
951 952 952 953 953 954 954 955 955 956 957 957 958 958 959 959 960 960 961 962 962 963 963 963 964 964 965 966 966 967 967 968 969 969 970 970 971 972 972 973 973 974 974 975 976 976 977 977 978 979 979 980 980 981 982 982 983 983 984 985 985 986 986 987 988 988 989 990 990 991 991 992 993 993 994 995 995 996 996 997 998 998 999 999 1000 1001 1001 