490 491 491 492 493 493 494 494 495 496 496 497 498 498 499 499 500 501 501 502 502 503 504 504 505 505 506 507 507 508 508 509 510 510 511 511 512 513 513 514 514 515 516 516 517 517 518 519 519 520 520 521 522 522 523 524 524 525 525 526 527 527 528 529 529 530 530 531 532 532 533 534 534 535 535 536 537 537 538 538 539 540 540 541 541 542 543 543 544 544 545 546 546 547 547 548 549 549 550 550 551 552 552 553 553 554 555 555 556 556 557 558 558 559 559 560 561 561 562 563 563 564 564 565 566 566 567 567 568 569 569 570 570 571 1 -203.426 40.014 0 -0 0 0 -0 0 
572 0 -203.423 40.0055 0 -0 0 0 -0 0 
572 0 -203.42 40.0018 0 -0 0 0 -0 0 
573 0 -203.414 39.9935 0 -0 0 0 -0 0 
573 0 -203.409 39.9866 0 -0 0 0 -0 0 
574 0 -203.403 39.9788 0 -0 0 0 -0 0 
575 0 -203.399 39.973 0 -0 0 0 -0 0 
575 0 -203.392 39.9635 0 -0 0 0 -0 0 
576 0 -203.382 39.9491 0.0189469 -0.0177866 0.00652857 0.0919537 -0.0863224 0.0316847 
577 0 -203.376 39.9411 0.0818458 -0.0298758 0.0761982 0.745521 -0.189764 0.720966 
577 0 -203.37 39.9326 0.0818458 -0.0298752 0.0761985 0.745521 -0.189757 0.720967 
578 0 -203.36 39.9188 0.148518 0.109464 0.100376 0.719635 0.255813 0.672633 
578 0 -203.349 39.9038 0.148518 0.109459 0.100381 0.719635 0.255781 0.672644 
579 0 -203.337 39.8872 0.0968412 0.0397861 0.0882909 0.54602 0.0363265 0.54481 
580 0 -203.329 39.8754 0.0968412 0.039784 0.0882919 0.477768 0.0317742 0.47671 
580 0 -203.32 39.863 0.0968412 0.0397819 0.0882928 0.477768 0.0317625 0.476711 
581 0 -203.306 39.8432 0.0968412 0.0397784 0.0882944 0.424682 0.0282168 0.423744 
582 0 -203.296 39.8292 0.0968412 0.0397756 0.0882956 0.382214 0.0253832 0.38137 
582 0 -203.285 39.8146 0.0968412 0.0397731 0.0882968 0.382214 0.0253722 0.381371 
583 0 -203.269 39.7915 0.0968412 0.0397692 0.0882985 0.347467 0.0230504 0.346702 
583 0 -203.257 39.7752 0.0968412 0.0397662 0.0882999 0.347467 0.0230385 0.346703 
584 0 -203.232 39.7407 0.0968412 0.0397617 0.0883019 0.318512 0.0211023 0.317812 
585 0 -203.219 39.7225 0.0968412 0.0397588 0.0883032 0.294011 0.0194697 0.293365 
585 0 -203.199 39.6939 0.0968412 0.0397554 0.0883048 0.294011 0.0194582 0.293366 
586 0 -203.178 39.664 0.0968412 0.0397522 0.0883062 0.27301 0.0180584 0.272412 
586 0 -203.163 39.6433 0.0968412 0.03975 0.0883072 0.27301 0.0180519 0.272413 
587 0 -203.132 39.5999 0.118403 -0.0995799 0.0640552 0.27207 -0.153564 0.224589 
588 0 -203.116 39.5773 0.118403 -0.0995816 0.0640527 0.255066 -0.143972 0.210549 
588 0 -203.099 39.5541 0.118403 -0.0995828 0.0640508 0.255066 -0.143976 0.210546 
589 0 -203.074 39.5182 0.118403 -0.0995848 0.0640476 0.255066 -0.143982 0.210541 
590 0 -203.065 39.5059 0.118403 -0.0995858 0.0640462 0.255066 -0.143986 0.210539 
590 0 -203.047 39.481 0.118403 -0.0995878 0.0640431 0.255066 -0.143992 0.210535 
591 0 -203.01 39.4293 0.118403 -0.0995924 0.0640359 0.255066 -0.144007 0.210524 
591 0 -202.981 39.3891 0.118403 -0.0995961 0.0640301 0.255066 -0.14402 0.210516 
592 0 -202.961 39.3615 0.118403 -0.0995991 0.0640254 0.255066 -0.144029 0.210509 
593 0 -202.941 39.3334 0.118403 -0.0996024 0.0640203 0.255066 -0.14404 0.210502 
593 0 -202.921 39.3047 0.118403 -0.0996049 0.0640163 0.255066 -0.144049 0.210496 
594 0 -202.879 39.2456 0.118403 -0.0996102 0.0640082 0.255066 -0.144066 0.210484 
594 0 -202.868 39.2305 0.118403 -0.0996116 0.0640059 0.255066 -0.144071 0.210481 
595 0 -202.857 39.2153 0.118403 -0.099613 0.0640039 0.255066 -0.144075 0.210478 
596 0 -202.821 39.1647 0.118403 -0.0996163 0.0639987 0.255066 -0.144086 0.210471 
596 0 -202.798 39.133 0.118403 -0.0996185 0.0639953 0.255066 -0.144093 0.210466 
597 0 -202.752 39.0679 0.118403 -0.0996223 0.0639893 0.255066 -0.144106 0.210457 
597 0 -202.728 39.0345 0.118403 -0.0996236 0.0639873 0.255066 -0.14411 0.210454 
598 0 -202.679 38.9662 0.118403 -0.0996262 0.0639833 0.255066 -0.144118 0.210448 
599 0 -202.654 38.9312 0.118403 -0.0996275 0.0639812 0.255066 -0.144123 0.210445 
599 0 -202.616 38.8777 0.118403 -0.0996304 0.0639767 0.255066 -0.144132 0.210439 
600 0 -202.577 38.8231 0.118403 -0.099634 0.0639712 0.255066 -0.144144 0.210431 
600 0 -202.551 38.786 0.118403 -0.099637 0.0639664 0.255066 -0.144154 0.210424 
601 0 -202.497 38.7104 0.118403 -0.0996438 0.0639558 0.255066 -0.144177 0.210409 
602 0 -202.47 38.6719 0.118403 -0.0996475 0.0639501 0.255066 -0.144189 0.2104 
602 0 -202.442 38.6328 0.118403 -0.0996508 0.063945 0.255066 -0.144199 0.210393 
603 0 -202.385 38.5532 0.160368 0.0274308 0.158005 0.241039 -0.123954 0.206724 
604 0 -202.371 38.533 0.160368 0.0274285 0.158005 0.227648 -0.117071 0.195238 
604 0 -202.327 38.4717 0.160368 0.0274249 0.158006 0.227648 -0.117075 0.195235 
605 0 -202.283 38.4092 0.160368 0.027427 0.158005 0.215666 -0.110911 0.184961 
606 0 -202.252 38.367 0.160368 0.0274298 0.158005 0.215666 -0.110908 0.184963 
606 0 -202.207 38.3027 0.160368 0.0274341 0.158004 0.215666 -0.110903 0.184966 
607 0 -202.176 38.2592 0.160368 0.0274385 0.158003 0.215666 -0.110898 0.184969 
607 0 -202.144 38.2152 0.160368 0.0274442 0.158002 0.215666 -0.110891 0.184973 
608 0 -202.097 38.1484 0.160368 0.0274501 0.158001 0.215666 -0.110884 0.184977 
609 0 -202.048 38.0804 0.158114 0.0452525 0.1515 0.20099 -0.0926939 0.178339 
609 0 -202.016 38.0345 0.158114 0.0452547 0.151499 0.20099 -0.0926913 0.178341 
610 0 -201.966 37.9647 0.1 0.0574558 0.0818464 0.0608204 -0.0606412 -0.00466432 
611 0 -201.916 37.8938 0.1 -0.0818437 0.0574596 0.193299 -0.191328 -0.0275373 
611 0 -201.882 37.8459 0.1 -0.0818421 0.0574619 0.193299 -0.191328 -0.0275318 
612 0 -201.847 37.7975 0.1 0.0574645 0.0818403 0.0519987 -0.0519045 -0.00312903 
612 0 -201.795 37.7239 0.1 0.0574684 0.0818375 0.0519987 -0.0519046 -0.00312652 
613 0 -201.742 37.6493 0.1 0.0574732 0.0818341 0.0519987 -0.0519048 -0.00312345 
613 0 -201.706 37.599 0.1 0.0574762 0.0818321 0.0519987 -0.0519049 -0.00312157 
614 0 -201.67 37.5483 0.1 0.0574798 0.0818296 0.0519987 -0.0519051 -0.00311931 
615 0 -201.634 37.497 0.158114 0.127139 0.093998 0.114479 0.111612 0.0254559 
615 0 -201.559 37.3932 0.158114 0.12715 0.093984 0.114479 0.111615 0.0254436 
616 0 -201.502 37.314 0.158114 0.127157 0.0939745 0.114479 0.111617 0.0254353 
617 0 -201.464 37.2606 0.1 0.0575033 0.081813 0.0392276 -0.0392174 -0.000890344 
617 0 -201.406 37.1796 0.1 0.0575098 0.0818084 0.0392276 -0.0392175 -0.0008872 
618 0 -201.347 37.0974 0.1 0.0575151 0.0818047 0.0392276 -0.0392176 -0.000884672 
618 0 -201.327 37.0698 0.1 0.057517 0.0818034 0.0392276 -0.0392176 -0.000883769 
619 0 -201.307 37.042 0.1 0.0575192 0.0818019 0.0392276 -0.0392176 -0.000882723 
620 0 -201.267 36.9861 0.2 0.115046 0.163598 0.174417 -0.0873194 0.150986 
620 0 -201.176 36.8692 0.2 0.115108 0.163555 0.174417 -0.0872624 0.151019 
621 0 -201.114 36.7827 0.2 0.115121 0.163546 0.174417 -0.0872507 0.151026 
622 0 -201.052 36.695 0.2 0.115136 0.163535 0.174417 -0.0872367 0.151034 
622 0 -201.009 36.6358 0.2 0.115147 0.163527 0.174417 -0.0872261 0.15104 
623 0 -200.945 36.5461 0.2 0.115169 0.163512 0.174417 -0.087206 0.151051 
624 0 -200.858 36.4245 0.2 0.115207 0.163485 0.174417 -0.0871712 0.151072 
624 0 -200.814 36.363 0.2 0.115231 0.163468 0.174417 -0.0871493 0.151084 
625 0 -200.747 36.2696 0.2 0.115275 0.163437 0.174417 -0.0871082 0.151108 
625 0 -200.702 36.2067 0.2 0.115309 0.163413 0.174417 -0.0870771 0.151126 
626 0 -200.634 36.1114 0.2 0.115361 0.163376 0.174417 -0.0870284 0.151154 
627 0 -200.565 36.0148 0.2 0.115418 0.163336 0.174417 -0.0869762 0.151184 
627 0 -200.518 35.9497 0.2 0.115453 0.163311 0.174417 -0.0869433 0.151203 
628 0 -200.448 35.8512 0.2 0.115505 0.163275 0.174417 -0.0868959 0.15123 
629 0 -200.4 35.7849 0.2 0.115532 0.163256 0.174417 -0.0868705 0.151245 
629 0 -200.328 35.6846 0.2 0.115571 0.163228 0.174417 -0.0868342 0.151265 
630 0 -200.255 35.5831 0.2 0.115607 0.163202 0.174417 -0.0868006 0.151285 
630 0 -200.206 35.5147 0.2 0.115633 0.163184 0.174417 -0.0867773 0.151298 
631 0 -200.156 35.4459 0.2 0.115659 0.163165 0.174417 -0.0867523 0.151312 
632 0 -200.106 35.3766 0.2 0.115685 0.163147 0.174417 -0.0867287 0.151326 
632 0 -200.031 35.2716 0.2 0.115723 0.16312 0.174417 -0.0866931 0.151346 
633 0 -199.954 35.1656 0.2 0.115764 0.163091 0.174417 -0.0866556 0.151368 
633 0 -199.903 35.0943 0.2 0.115792 0.163071 0.174417 -0.0866292 0.151383 
634 0 -199.825 34.9864 0.2 0.115835 0.163041 0.174417 -0.0865898 0.151405 
635 0 -199.773 34.914 0.2 0.115863 0.163021 0.174417 -0.0865636 0.15142 
635 0 -199.72 34.841 0.2 0.115893 0.163 0.174417 -0.0865358 0.151436 
636 0 -199.613 34.6937 0.2 0.115951 0.162958 0.174417 -0.0864816 0.151467 
636 0 -199.56 34.6194 0.2 0.115979 0.162938 0.174417 -0.0864553 0.151482 
637 638 638 639 639 640 641 1 -199.088 33.9687 0 -0 0 0 -0 0 
641 1 -199.031 33.89 0 -0 0 0 -0 0 
642 0 -198.886 33.6913 0 -0 0 0 -0 0 
643 0 -198.857 33.6513 0 -0 0 0 -0 0 
643 0 -198.857 33.6513 0 -0 0 0 -0 0 
644 0 -198.729 33.4936 0 -0 0 0 -0 0 
644 0 -198.669 33.4123 0 -0 0 0 -0 0 
645 0 -198.58 33.2897 0.0366025 -0.00361682 -0.0364234 0.230239 -0.0227508 -0.229113 
646 0 -198.52 33.2074 0.136603 0.135932 -0.0135213 1.52697 1.52481 0.0812007 
646 0 -198.429 33.0832 0.136603 0.135928 -0.013558 1.52697 1.52483 0.0807891 
647 0 -198.307 32.9161 0.136603 0.135923 -0.0136069 1.22158 1.21989 0.0641926 
647 0 -198.245 32.8319 0.136603 0.135921 -0.0136332 1.22158 1.2199 0.0639563 
648 0 -198.152 32.7048 0.283477 0.271217 -0.0824642 1.4817 1.47096 -0.178013 
649 0 -198.09 32.6196 0.191569 0.190049 -0.0240849 0.735748 0.688582 0.259191 
649 0 -197.996 32.4911 0.191569 0.190042 -0.0241438 0.735748 0.688662 0.258977 
650 0 -197.902 32.3616 0.191569 0.190033 -0.0242091 0.643779 0.602657 0.226398 
650 0 -197.838 32.2748 0.191569 0.190027 -0.0242571 0.643779 0.602714 0.226246 
651 0 -197.711 32.1002 0.0744209 -0.020773 -0.071463 0.128968 0.0821327 0.0994326 
652 0 -197.646 32.0123 0.123931 -0.0258872 -0.121198 0.166748 0.0484215 -0.159562 
652 0 -197.614 31.9683 0.123931 -0.0259018 -0.121194 0.166748 0.0484023 -0.159568 
653 0 -197.485 31.7913 0.131972 0.0615647 -0.116733 0.24013 0.197007 -0.137297 
653 0 -197.42 31.7025 0.131972 0.0615406 -0.116745 0.24013 0.196978 -0.137338 
654 0 -197.321 31.5687 0.131972 0.0615075 -0.116763 0.220119 0.180528 -0.125944 
655 0 -197.288 31.5241 0.131972 0.0614973 -0.116768 0.203187 0.166631 -0.116271 
655 0 -197.222 31.4346 0.131972 0.0614797 -0.116777 0.203187 0.166613 -0.116296 
656 0 -197.09 31.2551 0.131972 0.0614531 -0.116791 0.188673 0.154688 -0.108024 
657 0 -196.99 31.1199 0.131972 0.0614395 -0.116798 0.176095 0.144364 -0.10084 
657 0 -196.956 31.0748 0.131972 0.0614349 -0.116801 0.176095 0.14436 -0.100845 
658 0 -196.788 30.8481 0.209609 0.0524121 -0.202951 0.225541 0.125631 -0.187312 
658 0 -196.721 30.7569 0.209609 0.0523882 -0.202957 0.225541 0.125609 -0.187327 
659 0 -196.62 30.6197 0.209609 0.0523401 -0.202969 0.212274 0.118178 -0.176335 
660 0 -196.586 30.5739 0.209609 0.0523204 -0.202974 0.200481 0.111596 -0.16655 
660 0 -196.484 30.4363 0.209609 0.0522553 -0.202991 0.200481 0.111543 -0.166586 
661 0 -196.417 30.3445 0.209609 0.052209 -0.203003 0.189929 0.105636 -0.157842 
661 0 -196.349 30.2525 0.209609 0.0521587 -0.203016 0.189929 0.105597 -0.157868 
662 0 -196.281 30.1605 0.226002 0.142087 -0.175751 0.238086 0.199926 -0.129285 
662 0 -196.18 30.0224 0.226002 0.142029 -0.175797 0.238086 0.199884 -0.12935 
663 0 -196.078 29.8842 0.222212 0.20087 -0.0950225 0.263532 0.259108 -0.0480869 
663 0 -196.01 29.7921 0.222212 0.200854 -0.0950577 0.263532 0.259099 -0.0481322 
664 0 -195.908 29.6539 0.151784 0.134863 -0.0696442 0.194092 0.19272 -0.0230391 
665 0 -195.84 29.5617 0.0916377 -0.00487183 -0.0915081 0.15152 -0.13229 -0.0738766 
665 0 -195.772 29.4695 0.0916377 -0.00488365 -0.0915074 0.15152 -0.1323 -0.0738595 
666 0 -195.669 29.3312 0.0267949 -0.0157997 -0.0216411 0.143822 -0.143822 -6.39413e-05 
666 0 -195.601 29.2389 0.0267949 -0.0158022 -0.0216393 0.143822 -0.143822 -4.71288e-05 
667 0 -195.567 29.1928 0.141421 -0.139735 -0.0217744 0.275441 -0.275439 0.00103858 
667 0 -195.495 29.1028 0.141421 -0.139742 -0.0217296 0.275441 -0.275439 0.0011269 
668 0 -195.392 28.9644 0.1 -0.0590225 -0.0807239 0.165739 -0.0657332 -0.152147 
669 0 -195.324 28.8723 0.1 -0.0590345 -0.0807151 0.165739 -0.0657558 -0.152137 
669 0 -195.255 28.7801 0.1 -0.0590472 -0.0807058 0.165739 -0.0657798 -0.152126 
670 0 -195.118 28.5957 0.155981 0.152014 -0.034956 0.182875 0.149391 -0.105478 
670 0 -195.05 28.5035 0.155981 0.152007 -0.0349878 0.182875 0.149369 -0.105509 
671 0 -194.947 28.3653 0.158114 0.157432 0.0146651 0.165624 0.163662 0.0254166 
671 0 -194.844 28.2272 0.158114 0.157437 0.0146153 0.165624 0.16367 0.0253648 
672 0 -194.708 28.0433 3.18038e-12 4.76959e-13 -3.14442e-12 0.0124046 0.00603692 0.0108366 
673 0 -194.639 27.9515 3.18038e-12 4.76356e-13 -3.14451e-12 0.0124046 0.006039 0.0108354 
673 0 -194.571 27.8596 3.18038e-12 4.75815e-13 -3.14459e-12 0.0124046 0.00604086 0.0108344 
674 0 -194.468 27.722 0.0707107 0.0699004 0.0106739 0.083216 0.0802115 0.0221586 
674 0 -194.399 27.6304 0.0707107 0.069902 0.0106638 0.083216 0.0802148 0.022147 
675 0 -194.297 27.493 0.122474 0.0765135 -0.0956331 0.123417 0.0870368 -0.0875005 
675 0 -194.228 27.4016 0.122474 0.0765011 -0.095643 0.123417 0.0870255 -0.0875117 
676 0 -194.091 27.2187 0.158114 0.0911561 -0.129192 0.158183 0.101717 -0.121142 
677 0 -194.023 27.1274 0.0619657 0.0308333 -0.0537499 0.0893064 -0.0572124 -0.0685739 
677 0 -193.954 27.0361 0.0619657 0.0308259 -0.0537542 0.0893064 -0.0572218 -0.0685661 
678 0 -193.886 26.9448 0.0258819 -0.00387866 0.0255896 0.0963323 -0.0947688 0.0172853 
678 0 -193.852 26.8992 0.0258819 -0.00387696 0.0255899 0.0963323 -0.0947677 0.0172917 
679 0 -193.75 26.7623 0.05 0.0496887 -0.00557035 0.0410029 -0.0378313 -0.0158125 
679 0 -193.681 26.6711 0.05 0.0496879 -0.00557754 0.0410029 -0.0378335 -0.015807 
680 0 -193.545 26.4889 0.0258819 0.0202324 0.0161407 0.0684113 -0.0680991 0.00652788 
680 0 -193.443 26.3524 0.0258819 0.020235 0.0161375 0.0684113 -0.0680981 0.00653864 
681 0 -193.341 26.2159 0.0707107 -0.069922 -0.0105314 0.16406 -0.162655 -0.0214201 
682 0 -193.272 26.125 0.305453 -0.166376 -0.256165 0.625336 -0.319988 -0.537264 
682 0 -193.17 25.9887 0.305453 -0.166387 -0.256158 0.625336 -0.320011 -0.537251 
683 0 -193.068 25.8526 0.2 -0.1188 -0.160893 0.515341 -0.273392 -0.436845 
683 0 -193 25.7619 0.2 -0.118798 -0.160894 0.515341 -0.273388 -0.436847 
684 0 -192.898 25.626 0.2 -0.11879 -0.1609 0.515341 -0.273367 -0.43686 
684 0 -192.864 25.5807 0.2 -0.118788 -0.160902 0.515341 -0.27336 -0.436865 
685 0 -192.762 25.4449 0.254951 -0.108251 -0.230828 0.574094 -0.262224 -0.510707 
686 0 -192.66 25.3092 0.1 -0.059389 -0.0804547 0.291635 -0.139206 -0.256266 
686 0 -192.592 25.2188 0.1 -0.059388 -0.0804554 0.291635 -0.139203 -0.256268 
687 0 -192.524 25.1284 0.158114 -0.129309 -0.0909895 0.341811 -0.212941 -0.267377 
687 0 -192.422 24.9928 0.158114 -0.129312 -0.0909858 0.341811 -0.212949 -0.267371 
688 0 -192.321 24.8573 0.158114 -0.129317 -0.0909788 0.341811 -0.212964 -0.26736 
688 0 -192.253 24.7669 0.158114 -0.129322 -0.0909716 0.341811 -0.212978 -0.267348 
689 0 -192.185 24.6765 0.158114 -0.129327 -0.0909646 0.341811 -0.212993 -0.267337 
690 0 -192.152 24.6314 0.158114 -0.12933 -0.0909608 0.341811 -0.213001 -0.26733 
690 0 -192.116 24.5957 0.158114 -0.129367 -0.0909072 0.341811 -0.213111 -0.267242 
691 0 -192.048 24.5055 0.1 -0.0594437 -0.0804142 0.294535 -0.144097 -0.256879 
691 0 -191.947 24.3701 0.1 -0.0594514 -0.0804085 0.294535 -0.144122 -0.256865 
692 0 -191.846 24.2349 0.1 -0.0594569 -0.0804045 0.294535 -0.144139 -0.256855 
692 0 -191.745 24.0998 0.1 -0.0594588 -0.080403 0.294535 -0.144146 -0.256852 
693 0 -191.644 23.9649 0.254951 -0.188844 -0.171283 0.445092 -0.27751 -0.347987 
694 0 -191.576 23.875 0.293225 -0.254638 -0.145397 0.613256 -0.430644 -0.43661 
694 0 -191.509 23.7851 0.293225 -0.254633 -0.145405 0.613256 -0.430629 -0.436625 
695 0 -191.407 23.6504 0.291548 -0.269235 -0.111861 0.600553 -0.445247 -0.403012 
695 0 -191.34 23.5607 0.291548 -0.269228 -0.111876 0.600553 -0.445223 -0.403038 
696 0 -191.205 23.3814 0.254951 -0.108371 -0.230772 0.542851 -0.184248 -0.510627 
696 0 -191.137 23.2918 0.254951 -0.108358 -0.230778 0.542851 -0.18422 -0.510637 
697 0 -191.002 23.1128 0.318827 -0.0737449 -0.310181 0.614332 -0.14675 -0.596547 
697 0 -190.902 22.9785 0.318827 -0.07374 -0.310182 0.614332 -0.146741 -0.596549 
698 0 -190.801 22.8442 0.350256 -0.197198 -0.289469 0.636073 -0.274157 -0.573957 
699 0 -190.733 22.7547 0.280464 -0.093725 -0.26434 0.472438 -0.0448994 -0.4703 
699 0 -190.666 22.6652 0.280464 -0.0937386 -0.264336 0.472438 -0.0449234 -0.470297 
700 0 -190.532 22.4864 0.316228 -0.0979038 -0.300691 0.510499 -0.0492854 -0.508114 
700 0 -190.499 22.4417 0.316228 -0.0979144 -0.300687 0.510499 -0.0493032 -0.508112 
701 0 -190.432 22.3523 0.195953 -0.130698 -0.145998 0.0864955 -0.0215346 -0.0837718 
701 0 -190.365 22.263 0.195953 -0.130708 -0.14599 0.0864955 -0.0215402 -0.0837704 
702 0 -190.231 22.0844 0.223607 -0.038524 -0.220263 0.178253 0.0717507 -0.163175 
703 0 -190.164 21.9952 0.1 -0.0594653 -0.0803982 0.203614 0.0169538 0.202907 
703 0 -190.098 21.906 0.1 -0.0594672 -0.0803968 0.203614 0.0169585 0.202907 
704 0 -189.997 21.7724 0.153119 -0.133987 0.0741148 0.361385 -0.0572661 0.356819 
704 0 -189.897 21.6389 0.153119 -0.133989 0.0741114 0.361385 -0.0572752 0.356818 
705 0 -189.797 21.5054 0.308086 -0.305283 0.0414572 0.376931 -0.303645 0.22333 
705 0 -189.697 21.3721 0.308086 -0.305285 0.0414424 0.376931 -0.303656 0.223316 
706 0 -189.597 21.2389 0.169293 -0.16516 0.0371806 0.271195 -0.159237 0.219524 
707 0 -189.53 21.1502 0.169293 -0.165161 0.0371744 0.271195 -0.159245 0.219518 
707 0 -189.497 21.1058 0.169293 -0.165162 0.0371706 0.271195 -0.15925 0.219514 
708 0 -189.397 20.9728 0.238014 -0.22149 0.0871373 0.344935 -0.215456 0.269368 
708 0 -189.297 20.8398 0.238014 -0.221492 0.0871329 0.344935 -0.215462 0.269363 
709 0 -189.197 20.7069 0.380789 -0.192263 0.328687 0.546795 -0.185824 0.514251 
709 0 -189.131 20.6183 0.380789 -0.192251 0.328694 0.546795 -0.185804 0.514258 
710 0 -188.998 20.4412 0.21549 -0.102459 0.189573 0.389478 -0.0972879 0.377131 
711 0 -188.932 20.3528 0.177807 -0.167559 0.0594931 0.269277 -0.266408 0.0392033 
711 0 -188.865 20.2644 0.177807 -0.167558 0.0594953 0.269277 -0.266407 0.0392069 
712 0 -188.832 20.2202 0.186379 -0.121409 0.141411 0.251568 -0.220693 0.120753 
712 0 -188.799 20.176 0.186379 -0.121409 0.141411 0.251568 -0.220692 0.120754 
713 0 -188.768 20.1421 0.230301 -0.0619127 0.221823 0.327492 -0.0740261 0.319016 
714 0 -188.636 19.9658 0.230301 -0.0619241 0.221819 0.327492 -0.0740425 0.319012 
714 0 -188.537 19.8338 0.230301 -0.0619363 0.221816 0.327492 -0.0740601 0.319008 
715 0 -188.47 19.7458 0.277743 -0.154855 0.230567 0.365272 -0.169458 0.323586 
715 0 -188.371 19.6139 0.277743 -0.154867 0.230559 0.365272 -0.169475 0.323577 
716 0 -188.272 19.4821 0.277743 -0.154874 0.230554 0.365272 -0.169485 0.323572 
716 0 -188.206 19.3943 0.277743 -0.154876 0.230553 0.365272 -0.169488 0.32357 
717 0 -188.074 19.2188 0.25556 -0.084946 0.241029 0.348485 -0.0989731 0.334135 
718 0 -187.975 19.0873 0.109588 -0.100655 0.0433373 0.20662 -0.175059 -0.109754 
718 0 -187.91 18.9996 0.109588 -0.100654 0.0433396 0.20662 -0.175061 -0.10975 
719 0 -187.811 18.8682 0.223607 -0.10134 0.199324 0.179868 -0.175292 0.0403155 
720 0 -187.713 18.737 0.0433385 -0.0189198 0.0389905 0.336539 -0.0776109 -0.327468 
720 0 -187.615 18.6058 0.0433385 -0.0189169 0.0389919 0.336539 -0.0776353 -0.327462 
721 0 -187.516 18.4748 0.141421 -0.0209133 0.139866 0.241695 -0.0802818 -0.227973 
721 0 -187.451 18.3875 0.141421 -0.0209118 0.139867 0.241695 -0.0802842 -0.227972 
722 0 -187.32 18.2133 0.212132 -0.2098 -0.0313688 0.666637 -0.23206 -0.624943 
723 0 -187.255 18.1262 0.268101 -0.0794743 -0.256051 0.944906 -0.026017 -0.944548 
723 0 -187.189 18.0393 0.268101 -0.079467 -0.256053 0.944906 -0.02599 -0.944549 
724 0 -187.091 17.909 0.275018 0.186344 -0.202264 0.923493 0.23822 -0.892239 
725 0 -187.026 17.8223 0.203322 0.046226 -0.197997 0.900944 0.0107043 -0.900881 
725 0 -186.96 17.7356 0.203322 0.0462363 -0.197995 0.900944 0.0107508 -0.90088 
726 0 -186.83 17.5624 0.293225 -0.00140215 -0.293221 0.992368 -0.0346557 -0.991762 
726 0 -186.765 17.4759 0.293225 -0.00139165 -0.293221 0.992368 -0.0346202 -0.991764 
727 0 -186.667 17.3463 0.219067 0.0703506 -0.207464 0.912437 0.0363566 -0.911713 
728 0 -186.602 17.2599 0.450889 0.0411245 -0.44901 1.15661 0.00672551 -1.15659 
728 0 -186.505 17.1304 0.450889 0.0411128 -0.449011 1.15661 0.00669547 -1.15659 
729 0 -186.407 17.001 0.286603 -0.116882 -0.261686 0.981993 -0.151488 -0.970238 
729 0 -186.343 16.9148 0.286603 -0.116894 -0.261681 0.981993 -0.151532 -0.970232 
730 0 -186.246 16.7857 0.136603 -0.0154333 -0.135728 0.638391 0.052267 -0.636248 
731 0 -186.181 16.6998 0.137258 -0.00212838 -0.137241 0.641156 0.0656957 -0.637782 
731 0 -186.117 16.6139 0.137258 -0.00213236 -0.137241 0.641156 0.0656772 -0.637784 
732 0 -185.956 16.3996 0.102657 -0.0343631 -0.096735 0.599975 0.0347842 -0.598966 
733 0 -185.891 16.3141 0.186379 0.121393 -0.141425 0.791732 0.375866 -0.696824 
733 0 -185.827 16.2287 0.186379 0.121397 -0.141421 0.791732 0.375884 -0.696814 
734 0 -185.731 16.1009 0.110026 -0.0763459 0.0792283 0.501534 0.178449 -0.468713 
734 0 -185.635 15.9732 0.110026 -0.07635 0.0792243 0.501534 0.178473 -0.468704 
735 0 -185.571 15.8883 0.110026 -0.0763522 0.0792222 0.501534 0.178487 -0.468699 
736 0 -185.539 15.8459 0.0483052 -0.0308046 0.0372085 0.630862 0.282114 -0.564269 
736 0 -185.475 15.7612 0.0483052 -0.0308064 0.037207 0.630862 0.28214 -0.564255 
737 0 -185.383 15.6418 0.216129 -0.184982 0.111773 0.328156 0.0642864 -0.321798 
738 0 -185.288 15.5152 0.134665 -0.131973 -0.0267911 0.509043 0.177903 -0.476943 
738 0 -185.225 15.431 0.134665 -0.131973 -0.0267926 0.509043 0.177908 -0.476941 
739 0 -185.13 15.305 0.177807 -0.167568 0.0594675 0.21981 0.128433 -0.178385 
740 0 -185.035 15.1793 0.319876 -0.319846 0.00439406 0.205957 -0.107107 -0.175916 
740 0 -184.941 15.054 0.319876 -0.319846 0.00439014 0.205957 -0.107105 -0.175917 
741 0 -184.785 14.8459 0.0354463 0.0240073 -0.0260786 0.300876 0.222956 -0.202032 
742 0 -184.722 14.763 0.0835129 -0.0682048 0.0481925 0.0329898 0.0173911 -0.0280335 
742 0 -184.66 14.6802 0.0835129 -0.0682038 0.048194 0.0329898 0.0173905 -0.0280338 
743 0 -184.567 14.5563 0.319876 -0.319845 0.00441521 0.237441 -0.225446 -0.0745114 
744 0 -184.475 14.433 0.250359 -0.249915 0.0148928 0.0854636 -0.0685745 -0.0510055 
744 0 -184.413 14.3511 0.250359 -0.249916 0.0148867 0.0854636 -0.0685732 -0.0510072 
745 0 -184.321 14.2286 0.335143 -0.193594 0.273573 0.195278 -0.0148814 0.19471 
745 0 -184.259 14.1472 0.335143 -0.193601 0.273567 0.195278 -0.0148868 0.194709 
746 0 -184.168 14.0256 0.186637 -0.169654 -0.0777876 0.150517 0.00961192 -0.15021 
747 0 -184.107 13.9449 0.0871561 -0.0871561 1.219e-05 0.193905 0.192609 0.0223747 
747 0 -184.016 13.8241 0.0871561 -0.0871561 9.82133e-06 0.193905 0.192609 0.0223799 
748 0 -183.956 13.7439 0.1421 0.00726743 -0.141914 0.310077 0.28735 -0.116523 
749 0 -183.896 13.6639 0.148842 -0.0654725 -0.133668 0.201682 0.173059 -0.103569 
749 0 -183.806 13.5445 0.148842 -0.0654759 -0.133667 0.201682 0.173056 -0.103573 
750 0 -183.717 13.4256 0.153861 -0.0787915 -0.132155 0.19029 0.160542 -0.102159 
751 0 -183.598 13.268 0.187818 -0.0829224 -0.168522 0.174116 0.113404 -0.13212 
751 0 -183.51 13.1506 0.187818 -0.0829268 -0.16852 0.174116 0.113401 -0.132123 
752 0 -183.422 13.0338 0.293225 -0.254627 -0.145416 0.250014 -0.24367 -0.0559624 
752 0 -183.335 12.9177 0.293225 -0.254633 -0.145406 0.250014 -0.243672 -0.0559532 
753 0 -183.249 12.8021 0.227979 -0.00253675 -0.227965 0.14021 0.00304239 -0.140177 
754 0 -183.191 12.7254 0.227979 -0.00254177 -0.227965 0.14021 0.0030393 -0.140178 
754 0 -183.134 12.649 0.227979 -0.00254673 -0.227965 0.14021 0.00303625 -0.140178 
755 0 -183.048 12.5351 0.206823 -0.144431 -0.148039 0.190512 -0.190285 -0.00929919 
756 0 -183.02 12.4973 0.0675108 0.0159 -0.0656118 0.103956 0.0645681 0.0814733 
756 0 -182.879 12.3094 0.0675108 0.0159045 -0.0656107 0.103956 0.0645626 0.0814777 
757 0 -182.822 12.2348 0.12011 -0.119532 0.0117616 0.221199 -0.128088 0.18034 
757 0 -182.767 12.1606 0.12011 -0.119533 0.0117579 0.221199 -0.128094 0.180336 
758 0 -182.655 12.0131 0.140192 -0.0559645 0.128537 0.298485 -0.0679001 0.290659 
759 0 -182.6 11.9399 0.0818458 0.00433489 0.0817309 0.204505 0.0491542 0.19851 
759 0 -182.573 11.9034 0.0818458 0.00433409 0.0817309 0.204505 0.0491522 0.19851 
760 0 -182.545 11.867 0.159286 -0.115124 0.110084 0.233921 -0.0614159 0.225715 
761 0 -182.436 11.7267 0.161335 -0.0977607 0.128342 0.269821 -0.03078 0.268059 
761 0 -182.355 11.6191 0.161335 -0.0977585 0.128344 0.269821 -0.0307754 0.26806 
762 0 -182.301 11.5478 0.115747 0.110059 -0.0358408 0.200459 0.16672 0.111302 
763 0 -182.221 11.4415 0.0936447 0.0823473 0.0445898 0.309258 0.104828 0.290949 
763 0 -182.142 11.3359 0.0936447 0.0823481 0.0445883 0.309258 0.104833 0.290948 
764 0 -182.063 11.2312 0.181765 0.0680258 -0.168556 0.127767 0.0913082 0.0893709 
765 0 -181.985 11.1272 0.0509528 0.0153866 0.0485741 0.308522 0.0234953 0.307626 
765 0 -181.907 11.024 0.0509528 0.0153892 0.0485733 0.308522 0.0235121 0.307625 
766 0 -181.805 10.8877 0.209065 -0.15521 -0.140065 0.241325 -0.238712 0.0354149 
767 0 -181.78 10.8539 0.18686 -0.186516 0.0113338 0.376008 -0.275395 0.256007 
767 0 -181.679 10.7195 0.18686 -0.186516 0.011339 0.376008 -0.275388 0.256014 
768 0 -181.604 10.6197 0.173999 -0.169108 -0.0409648 0.294265 -0.213208 0.202815 
769 0 -181.554 10.5537 0.141591 -0.131712 -0.0519629 0.233652 -0.148133 0.180693 
769 0 -181.505 10.488 0.141591 -0.13171 -0.0519673 0.233652 -0.148139 0.180688 
770 0 -181.432 10.3904 0.110622 -0.0953373 -0.056107 0.185573 -0.070119 0.171816 
770 0 -181.359 10.2936 0.110622 -0.0953312 -0.0561174 0.185573 -0.0701378 0.171808 
771 0 -181.286 10.1977 0.0866025 -0.0793985 -0.0345816 0.200855 -0.054194 0.193405 
772 0 -181.239 10.1342 0.141591 -0.131688 -0.052023 0.204543 -0.101276 0.17771 
772 0 -181.191 10.0712 0.141591 -0.131682 -0.0520389 0.204543 -0.101298 0.177698 
773 0 -181.12 9.97738 0.141591 -0.13167 -0.0520692 0.204543 -0.101339 0.177675 
774 0 -181.05 9.88446 0.0752986 -0.0499201 -0.0563725 0.214676 -0.0414158 0.210644 
774 0 -180.981 9.79242 0.0752986 -0.0499015 -0.0563889 0.214676 -0.0414851 0.21063 
775 0 -180.889 9.67107 0.115539 -0.0902663 -0.0721205 0.258364 -0.179063 0.186248 
776 0 -180.844 9.61097 0.111803 0.0858997 -0.0715629 0.275683 0.0971063 0.258015 
776 0 -180.821 9.58106 0.111803 0.085908 -0.0715529 0.275683 0.0970763 0.258026 
777 0 -180.732 9.46235 0.215602 0.0334174 -0.212996 0.129974 0.0468211 0.121248 
778 0 -180.666 9.37426 0.158114 0.106047 -0.117277 0.384368 0.202325 0.326808 
778 0 -180.623 9.31601 0.158114 0.106068 -0.117259 0.384368 0.202268 0.326844 
779 0 -180.558 9.22938 0.150597 0.150565 -0.00311889 0.496807 0.244669 0.432382 
779 0 -180.515 9.17211 0.150597 0.150565 -0.00309941 0.496807 0.244613 0.432414 
780 0 -180.41 9.03079 0.108826 0.00963925 -0.108398 0.335368 0.139442 0.305005 
781 0 -180.389 9.00283 0.0707107 -0.0107432 0.0698898 0.612624 0.231419 0.567233 
781 0 -180.348 8.94725 0.0707107 -0.0107524 0.0698884 0.612624 0.231345 0.567263 
782 0 -180.287 8.86471 0.134665 -0.109212 -0.0787875 0.361962 0.168659 0.320267 
783 0 -180.206 8.75623 0.045362 0.02269 0.0392795 0.656867 0.423402 0.5022 
783 0 -180.186 8.72938 0.045362 0.0226859 0.0392818 0.656867 0.423351 0.502244 
784 0 -180.146 8.676 0.0522263 0.0359964 0.0378398 0.673356 0.451864 0.499227 
785 0 -180.088 8.59786 0.0886509 0.0467765 0.0753056 0.581225 0.371787 0.446762 
785 0 -180.049 8.54557 0.0886509 0.0467582 0.0753171 0.581225 0.371678 0.446853 
786 0 -179.991 8.46792 0.148518 0.111182 0.0984694 0.5904 0.440294 0.393336 
787 0 -179.933 8.39121 0.226795 0.133717 0.183182 0.702103 0.4666 0.524626 
787 0 -179.877 8.31541 0.226795 0.133663 0.183222 0.702103 0.466445 0.524764 
788 0 -179.821 8.24053 0.209609 0.0730734 0.196459 0.666263 0.37737 0.549088 
788 0 -179.766 8.16655 0.209609 0.0730307 0.196475 0.666263 0.377251 0.54917 
789 0 -179.712 8.09346 0.20344 0.00995317 0.203196 0.640289 0.318441 0.555486 
790 0 -179.676 8.04523 0.204642 -0.00339219 0.204614 0.62974 0.291096 0.558422 
790 0 -179.623 7.97366 0.204642 -0.00342735 0.204613 0.62974 0.291 0.558472 
791 0 -179.571 7.90306 0.0710499 -0.0178554 0.0687697 0.515777 0.277766 0.434594 
792 0 -179.503 7.8105 0.0675108 -0.00455143 0.0673572 0.529509 0.306767 0.431595 
792 0 -179.486 7.78764 0.0675108 -0.00455709 0.0673569 0.529509 0.306731 0.431621 
793 0 -179.435 7.71974 0.00693504 -0.00684986 -0.00108354 0.461576 0.321121 0.331562 
794 0 -179.386 7.65284 0.0366025 -0.0148896 0.0334372 0.513118 0.331367 0.391772 
794 0 -179.337 7.58694 0.0366025 -0.0148976 0.0334336 0.513118 0.331274 0.391851 
795 0 -179.289 7.52199 0.17703 -0.1731 -0.0370972 0.266644 0.0816922 0.253822 
796 0 -179.257 7.47921 0.20048 -0.135364 0.147882 0.55309 0.152382 0.531685 
796 0 -179.21 7.41588 0.20048 -0.135386 0.147862 0.55309 0.152304 0.531707 
797 0 -179.164 7.35354 0.211087 -0.206271 0.0448346 0.308943 0.0285759 0.307619 
798 0 -179.119 7.29219 0.267431 -0.264979 -0.0361299 0.233132 -0.0265573 0.231614 
798 0 -179.075 7.23187 0.267431 -0.264977 -0.0361438 0.233132 -0.0265694 0.231613 
799 0 -179.031 7.17252 0.139849 -0.100251 0.0975064 0.376996 0.126041 0.355303 
800 0 -178.988 7.11415 0.105247 -0.10522 0.00240985 0.176934 0.0911411 0.151654 
801 0 -178.96 7.07582 0.0732051 0.00757519 0.0728121 0.291656 0.188141 0.222859 
801 0 -178.918 7.01916 0.0732051 0.00757195 0.0728124 0.291656 0.188131 0.222868 
802 0 -178.877 6.96352 0.141761 -0.141626 0.00617963 0.120936 -0.0821684 0.0887345 
803 0 -178.85 6.927 0.12839 -0.128301 0.00478663 0.103234 -0.0569435 0.0861087 
803 0 -178.81 6.87313 0.12839 -0.128301 0.00477537 0.103234 -0.0569511 0.0861037 
804 0 -178.77 6.82035 0.0633975 0.00653778 0.0630595 0.273408 0.155991 0.224541 
804 0 -178.732 6.76862 0.0633975 0.00652993 0.0630603 0.273408 0.155963 0.224561 
805 0 -178.694 6.71784 0.0551224 -0.0521222 -0.0179374 0.177882 0.0998997 0.14718 
806 0 -178.657 6.66803 0.0779548 -0.0558846 -0.0543495 0.109063 0.0909039 0.0602588 
806 0 -178.621 6.61921 0.0779548 -0.0558823 -0.0543519 0.109063 0.0909013 0.0602627 
807 0 -178.597 6.58721 0.0612898 -0.0194724 -0.0581143 0.139141 0.127144 0.0565203 
808 0 -178.586 6.57137 0.145179 0.054776 -0.134449 0.226539 0.208244 -0.0891852 
808 0 -178.552 6.52326 0.145179 0.0547732 -0.13445 0.226539 0.208243 -0.0891894 
809 0 -178.518 6.47733 0.151943 0.0681021 -0.135826 0.252867 0.235535 -0.0920051 
810 0 -178.485 6.43239 0.0821391 0.082139 5.36634e-05 0.250389 0.248341 0.0319627 
810 0 -178.453 6.38844 0.0821391 0.082139 5.30071e-05 0.250389 0.248341 0.0319607 
811 0 -178.421 6.34547 0.0688274 0.0688125 0.00142977 0.221983 0.219211 0.0349701 
812 0 -178.391 6.30353 0.233088 0.22554 0.0588375 0.521905 0.509918 0.111214 
812 0 -178.36 6.26261 0.233088 0.225538 0.0588452 0.521905 0.509915 0.111231 
813 0 -178.321 6.20968 0.0483052 0.0180901 0.04479 0.296857 0.288293 0.0707892 
814 0 -178.302 6.1839 0.104222 0.0879058 0.0559896 0.355272 0.346128 0.0800834 
814 0 -178.274 6.14606 0.104222 0.0879008 0.0559973 0.355272 0.346121 0.080114 
815 0 -178.256 6.12136 0.1 0.099474 -0.0102428 0.33129 0.320722 -0.0830081 
816 0 -178.22 6.07324 0.211087 0.206332 -0.044553 0.538697 0.516841 -0.151887 
816 0 -178.203 6.04979 0.211087 0.206333 -0.0445467 0.538697 0.516846 -0.151871 
817 0 -178.177 6.01539 0.211087 0.206334 -0.044544 0.538697 0.516848 -0.151864 
818 0 -178.169 6.00413 0.168515 0.131404 -0.105501 0.418232 0.353661 -0.223252 
818 0 -178.144 5.97095 0.168515 0.131403 -0.105502 0.418232 0.353659 -0.223256 
819 0 -178.113 5.92817 0.0973366 -0.0231931 -0.094533 0.228527 0.125522 -0.190967 
820 0 -178.113 5.92817 0.10376 0.0599495 -0.0846883 0.349877 0.306202 -0.169274 
820 0 -178.09 5.89719 0.10376 0.0599476 -0.0846897 0.349877 0.306198 -0.169281 
821 0 -178.06 5.85735 0.12031 0.0830305 -0.0870651 0.369577 0.327395 -0.171463 
822 0 -178.039 5.82856 0.110463 0.0697059 -0.0856918 0.346147 0.302166 -0.168858 
822 0 -178.019 5.80071 0.110463 0.06971 -0.0856885 0.346147 0.302175 -0.168844 
823 0 -177.999 5.77379 0.0707107 0.0112235 -0.0698143 0.291088 0.247092 -0.153877 
824 0 -177.979 5.7478 0.0707107 0.0112279 -0.0698136 0.291088 0.247101 -0.153861 
824 0 -177.967 5.73098 0.0707107 0.011231 -0.0698131 0.291088 0.247108 -0.15385 
825 0 -177.949 5.70652 0.0707107 0.0112351 -0.0698124 0.291088 0.247117 -0.153836 
826 0 -177.932 5.683 0.28754 -0.186681 -0.2187 0.50669 -0.178678 -0.47414 
826 0 -177.92 5.66782 0.28754 -0.186679 -0.218702 0.50669 -0.178673 -0.474142 
827 0 -177.91 5.65306 0.158114 -0.128384 -0.092291 0.312455 -0.135857 -0.281374 
827 0 -177.889 5.6248 0.158114 -0.128383 -0.0922916 0.312455 -0.135855 -0.281375 
828 0 -177.874 5.60469 0.1 -0.0585721 -0.0810513 0.280192 -0.071273 -0.270976 
829 0 -177.864 5.5918 0.0707107 0.011239 -0.0698118 0.261109 0.0904672 -0.244936 
829 0 -177.851 5.57325 0.0707107 0.0112388 -0.0698118 0.261109 0.0904665 -0.244937 
830 0 -177.838 5.55564 0.0968412 -0.094262 -0.0222013 0.201463 -0.00606109 -0.201372 
831 0 -177.829 5.54442 0.180908 -0.180413 -0.0133717 0.231326 -0.154916 -0.171792 
831 0 -177.821 5.53363 0.180908 -0.180413 -0.013375 0.231326 -0.154913 -0.171795 
832 0 -177.817 5.52839 0.0389774 0.0377776 0.00959634 0.162025 0.0589953 -0.150902 
832 0 -177.809 5.51822 0.0389774 0.0377775 0.00959691 0.162025 0.0589976 -0.150901 
833 0 -177.79 5.4891 0.12011 0.11032 0.047495 0.171787 0.127525 -0.1151 
834 0 -177.784 5.48031 0.100893 0.00313585 -0.100845 0.487231 -0.0845752 -0.479834 
834 0 -177.774 5.46786 0.100893 0.00313681 -0.100845 0.487231 -0.0845706 -0.479835 
835 0 -177.766 5.45631 0.158114 -0.047318 -0.150868 0.542722 -0.227187 -0.492882 
835 0 -177.76 5.4491 0.158114 -0.0473176 -0.150868 0.542722 -0.227186 -0.492883 
836 0 -177.753 5.43903 0.141421 -0.0224932 0.139621 0.288999 -0.202671 -0.206021 
837 0 -177.746 5.42985 0.158114 0.0473165 0.150868 0.185831 -0.0442153 -0.180494 
837 0 -177.74 5.42157 0.158114 0.0473156 0.150868 0.185831 -0.0442143 -0.180494 
838 0 -177.735 5.41416 0.0166037 0.0143269 0.0083917 0.32525 -0.0769449 -0.316017 
838 0 -177.733 5.41189 0.0166037 0.014327 0.00839165 0.32525 -0.076946 -0.316017 
