948 0 -198.172 33.2211 0.05 0.00479807 0.0497693 0.0543681 0.00521724 0.0541172 
948 0 -198.172 33.2211 0.05 0.00479844 0.0497692 0.0543681 0.00521764 0.0541172 
949 0 -198.172 33.2212 0.05 0.00479844 0.0497692 0.0543681 0.00521765 0.0541172 
949 0 -198.172 33.2212 0.05 0.00479836 0.0497692 0.0543681 0.00521756 0.0541172 
950 0 -198.172 33.2212 0.05 0.00479836 0.0497692 0.0543681 0.00521755 0.0541172 
950 0 -198.172 33.2213 0.05 0.0047983 0.0497692 0.0543681 0.00521749 0.0541172 
951 0 -198.172 33.2214 0.05 0.00479865 0.0497692 0.0543681 0.00521787 0.0541171 
952 0 -198.172 33.2214 0.05 0.00479877 0.0497692 0.0543681 0.005218 0.0541171 
952 0 -198.172 33.2214 0.05 0.0047985 0.0497692 0.0543681 0.00521771 0.0541171 
953 0 -198.172 33.2215 0 -0 0 2.35678e-13 -3.88695e-14 2.32451e-13 
953 0 -198.172 33.2216 0 -0 0 2.35678e-13 -3.88701e-14 2.32451e-13 
954 0 -198.172 33.2216 0 -0 0 2.35678e-13 -3.88696e-14 2.32451e-13 
954 0 -198.172 33.2217 0 -0 0 2.35678e-13 -3.88705e-14 2.32451e-13 
955 0 -198.172 33.2218 0 -0 0 2.35678e-13 -3.88739e-14 2.3245e-13 
956 0 -198.172 33.2218 0 -0 0 2.35678e-13 -3.88731e-14 2.3245e-13 
956 0 -198.172 33.2219 0 -0 0 2.35678e-13 -3.88726e-14 2.3245e-13 
957 0 -198.172 33.2219 0 -0 0 2.35678e-13 -3.88713e-14 2.32451e-13 
957 0 -198.172 33.222 0 -0 0 2.35678e-13 -3.8871e-14 2.32451e-13 
958 0 -198.172 33.222 0 -0 0 2.35678e-13 -3.8872e-14 2.32451e-13 
958 0 -198.172 33.2221 0 -0 0 2.35678e-13 -3.88711e-14 2.32451e-13 
959 0 -198.172 33.2221 0.0707107 0.0697422 0.0116631 0.069494 0.0685422 0.0114625 
959 0 -198.172 33.2222 0.0707107 0.0697421 0.0116633 0.069494 0.0685422 0.0114627 
960 0 -198.172 33.2222 0.0707107 0.0697422 0.011663 0.069494 0.0685422 0.0114623 
961 0 -198.172 33.2222 0.0707107 0.0116631 -0.0697422 0.2293 -0.0900793 -0.210866 
961 0 -198.172 33.2222 0.0707107 0.0116631 -0.0697422 0.2293 -0.0900793 -0.210866 
962 0 -198.172 33.2223 0.0707107 0.0116634 -0.0697421 0.2293 -0.0900784 -0.210866 
962 0 -198.173 33.2223 0.0707107 0.0116635 -0.0697421 0.2293 -0.0900779 -0.210866 
963 0 -198.174 33.2205 0.0707107 0.0116613 -0.0697425 0.2293 -0.0900847 -0.210864 
963 0 -198.174 33.2205 0.0707107 0.0116606 -0.0697426 0.2293 -0.0900868 -0.210863 
964 0 -198.174 33.2205 0.0707107 0.0116602 -0.0697427 0.2293 -0.0900881 -0.210862 
965 0 -198.174 33.2205 0.0707107 0.0116604 -0.0697426 0.2293 -0.0900875 -0.210862 
965 0 -198.174 33.2206 0.0707107 0.0116606 -0.0697426 0.2293 -0.0900867 -0.210863 
966 0 -198.174 33.2206 0.0707107 0.0116604 -0.0697426 0.2293 -0.0900875 -0.210862 
966 0 -198.174 33.2206 0.0707107 0.0116603 -0.0697426 0.2293 -0.0900877 -0.210862 
967 0 -198.174 33.2206 0.0707107 0.0116596 -0.0697428 0.2293 -0.0900897 -0.210861 
967 0 -198.174 33.2206 0.0707107 0.0116596 -0.0697428 0.2293 -0.0900899 -0.210861 
968 0 -198.174 33.2206 0.0707107 0.0116601 -0.0697427 0.2293 -0.0900884 -0.210862 
969 0 -198.174 33.2207 0.0707107 0.0116608 -0.0697426 0.2293 -0.0900862 -0.210863 
969 0 -198.174 33.2207 0.0707107 0.011661 -0.0697425 0.2293 -0.0900857 -0.210863 
970 0 -198.174 33.2207 6.35071e-12 1.04731e-12 -6.26376e-12 0.175317 -0.101433 -0.142994 
970 0 -198.174 33.2207 6.35071e-12 1.0473e-12 -6.26376e-12 0.175317 -0.101434 -0.142993 
971 0 -198.174 33.2207 0 -0 0 0.175317 -0.101433 -0.142994 
972 0 -198.174 33.2207 0 -0 0 0.175317 -0.101435 -0.142993 
972 0 -198.174 33.2207 0 -0 0 0.175317 -0.101435 -0.142993 
973 0 -198.174 33.2207 0 -0 0 0.175317 -0.101435 -0.142993 
973 0 -198.174 33.2207 0 -0 0 0.175317 -0.101433 -0.142994 
974 0 -198.174 33.2207 0 -0 0 0.175317 -0.101433 -0.142994 
975 0 -198.174 33.2207 0 -0 0 0.175317 -0.101434 -0.142993 
975 0 -198.174 33.2207 0 -0 0 0.175317 -0.101435 -0.142993 
976 0 -198.174 33.2207 0 -0 0 0.175317 -0.101434 -0.142993 
976 0 -198.174 33.2207 0 -0 0 0.175317 -0.101435 -0.142993 
977 0 -198.174 33.2207 0 -0 0 0.175317 -0.101434 -0.142993 
978 0 -198.174 33.2207 0.0707107 -0.0697426 -0.0116608 0.229669 -0.169976 -0.154453 
978 0 -198.174 33.2207 0.0707107 -0.0697426 -0.0116607 0.229669 -0.169977 -0.154453 
979 0 -198.174 33.2207 0.0707107 -0.0697426 -0.0116604 0.229669 -0.169977 -0.154452 
979 0 -198.174 33.2207 0.0707107 -0.0697427 -0.0116602 0.229669 -0.169978 -0.154452 
980 0 -198.174 33.2207 0.0707107 -0.0116603 0.0697426 0.0688117 -0.0113472 0.0678697 
981 0 -198.174 33.2207 0.0707107 -0.01166 0.0697427 0.0688117 -0.0113468 0.0678698 
981 0 -198.175 33.2207 0.0707107 -0.0116601 0.0697427 0.0688117 -0.011347 0.0678698 
982 0 -198.175 33.2207 0.0707107 -0.0116598 0.0697427 0.0688117 -0.0113467 0.0678698 
982 0 -198.175 33.2207 0.0707107 -0.0116596 0.0697428 0.0688117 -0.0113465 0.0678698 
983 0 -198.175 33.2207 0 -0 0 0.00294129 0.000485014 -0.00290102 
984 0 -198.175 33.2207 0 -0 0 0.00294129 0.000484999 -0.00290102 
984 0 -198.175 33.2207 0 -0 0 0.00294129 0.000485 -0.00290102 
985 0 -198.175 33.2207 0.0707107 0.0697427 0.0116597 0.067514 0.0670116 0.00822104 
986 0 -198.175 33.2203 0.0707107 0.0697428 0.0116597 0.067514 0.0670116 0.00822095 
986 0 -198.175 33.2203 0.0707107 0.0697428 0.0116593 0.067514 0.0670116 0.00822062 
987 0 -198.175 33.2203 0 -0 0 0.00607302 -0.00475552 -0.00377711 
987 0 -198.175 33.2203 0 -0 0 0.00607302 -0.00475549 -0.00377715 
988 0 -198.175 33.2203 0 -0 0 0.00607302 -0.00475551 -0.00377712 
989 0 -198.175 33.2202 0.0707107 0.0116588 -0.0697429 0.0719495 0.0065902 -0.071647 
989 0 -198.175 33.2202 0.0707107 0.0116589 -0.0697429 0.0719495 0.00659027 -0.071647 
990 0 -198.175 33.2202 0.0707107 0.0116584 -0.069743 0.0719495 0.00658973 -0.0716471 
990 0 -198.175 33.2202 0.0707107 0.0116583 -0.069743 0.0719495 0.00658965 -0.0716471 
991 0 -198.175 33.2201 0.0707107 0.0116582 -0.069743 0.0719495 0.00658951 -0.0716471 
992 0 -198.175 33.2201 0 -0 0 0.0864676 -0.0194695 0.0842471 
992 0 -198.175 33.2201 0 -0 0 0.0864676 -0.0194693 0.0842472 
993 0 -198.175 33.2201 0 -0 0 0.0864676 -0.0194693 0.0842472 
993 0 -198.175 33.22 0 -0 0 0.0864676 -0.0194691 0.0842472 
994 0 -198.175 33.22 0 -0 0 0.0864676 -0.0194689 0.0842473 
995 0 -198.175 33.22 0.05 -0.00480092 -0.049769 0.0595598 -0.0324167 -0.0499652 
995 0 -198.175 33.22 0.05 -0.00480123 -0.0497689 0.0595598 -0.032417 -0.049965 
996 0 -198.175 33.22 0.0707107 0.0449675 -0.0545703 0.0566072 0.0151187 -0.0545509 
997 0 -198.175 33.22 0.0707107 0.0449675 -0.0545703 0.0566072 0.0151187 -0.0545509 
997 0 -198.175 33.22 0.0707107 0.0449678 -0.0545701 0.0566072 0.015119 -0.0545508 
998 0 -198.175 33.22 0.0707107 0.0449681 -0.0545699 0.0566072 0.0151192 -0.0545507 
998 0 -198.175 33.2199 0.0707107 0.0449677 -0.0545702 0.0566072 0.0151189 -0.0545508 
999 0 -198.175 33.2199 0.0707107 0.0449674 -0.0545704 0.0566072 0.0151186 -0.0545509 
1000 0 -198.175 33.2198 0.0707107 0.0449681 -0.0545699 0.0566072 0.0151192 -0.0545507 
1000 0 -198.175 33.2197 0.0707107 0.0449677 -0.0545702 0.0566072 0.0151189 -0.0545508 
1001 0 -198.175 33.2197 0.0707107 0.0449673 -0.0545705 0.0566072 0.0151185 -0.0545509 
1001 0 -198.175 33.2196 0.0707107 0.0449676 -0.0545703 0.0566072 0.0151188 -0.0545509 
1002 0 -198.176 33.2195 0.0366025 0.0333096 0.0151729 0.0165504 0.00328893 0.0162203 
1003 0 -198.176 33.2195 0.0366025 0.0333096 0.0151728 0.0165504 0.00328894 0.0162203 
1003 0 -198.176 33.2195 0.0366025 0.0333096 0.0151728 0.0165504 0.00328896 0.0162203 
1004 0 -198.176 33.2194 0.0707107 -0.0116582 0.069743 0.0794607 -0.0393134 0.069054 
1004 0 -198.176 33.2193 0.0707107 -0.0116585 0.069743 0.0794607 -0.0393137 0.0690538 
1005 0 -198.176 33.2193 0.0707107 -0.0116583 0.069743 0.0794607 -0.0393135 0.0690539 
1006 0 -198.176 33.2193 0.0707107 -0.0116578 0.0697431 0.137183 -0.125854 0.0545886 
1006 0 -198.176 33.2192 0.0707107 -0.0116578 0.0697431 0.137183 -0.125854 0.0545887 
1007 0 -198.176 33.2192 0.0707107 -0.0116577 0.0697431 0.137183 -0.125853 0.0545889 
1007 0 -198.176 33.2191 0.0707107 -0.0116579 0.069743 0.137183 -0.125854 0.0545884 
1008 0 -198.176 33.2191 0.0707107 -0.0116573 0.0697432 0.137183 -0.125853 0.0545896 
1009 0 -198.176 33.2191 0.0707107 -0.0116573 0.0697432 0.137183 -0.125853 0.0545896 
1009 0 -198.176 33.2191 0.0707107 -0.0116572 0.0697432 0.137183 -0.125853 0.0545897 
1010 0 -198.175 33.2199 0.0707107 -0.0116585 0.0697429 0.137183 -0.125854 0.0545874 
1011 0 -198.175 33.2198 0 -0 0 0.142204 -0.0997941 -0.101307 
1011 0 -198.175 33.2198 0 -0 0 0.142204 -0.0997937 -0.101307 
1012 0 -198.175 33.2198 0 -0 0 0.142204 -0.0997933 -0.101308 
1012 0 -198.175 33.2197 0 -0 0 0.142204 -0.0997935 -0.101307 
1013 0 -198.175 33.2197 0 -0 0 0.142204 -0.0997945 -0.101306 
1014 0 -198.175 33.2196 0.05 0.00480134 0.0497689 0.0928724 -0.0868473 0.0329062 
1014 0 -198.175 33.2196 0.05 0.00480164 0.0497689 0.0928724 -0.0868471 0.0329068 
1015 0 -198.175 33.2195 0.0707107 -0.0449678 0.0545701 0.139515 -0.134383 0.0374917 
1015 0 -198.175 33.2195 0.0707107 -0.0449679 0.0545701 0.139515 -0.134383 0.0374915 
1016 0 -198.175 33.2194 0.0707107 -0.0449675 0.0545703 0.139515 -0.134383 0.0374923 
1017 0 -198.175 33.2194 0.0707107 -0.0449679 0.0545701 0.139515 -0.134383 0.0374915 
1017 0 -198.175 33.2194 0.0707107 -0.044968 0.0545699 0.139515 -0.134383 0.0374911 
1018 0 -198.175 33.2194 0.0707107 -0.0449683 0.0545697 0.139515 -0.134384 0.0374904 
1018 0 -198.175 33.2193 0.0707107 -0.0449684 0.0545696 0.139515 -0.134384 0.0374902 
1019 0 -198.175 33.2193 0.0707107 -0.0449683 0.0545697 0.139515 -0.134384 0.0374905 
1020 0 -198.175 33.2193 0.0707107 -0.0449681 0.0545698 0.139515 -0.134384 0.0374908 
1020 0 -198.175 33.2192 0.0707107 -0.044968 0.05457 0.139515 -0.134383 0.0374912 
1021 0 -198.175 33.2192 0.136603 -0.0566272 0.124313 0.177082 -0.145088 0.101525 
1022 0 -198.175 33.2191 0.136603 -0.056627 0.124313 0.177082 -0.145088 0.101526 
1022 0 -198.175 33.2191 0.136603 -0.0566276 0.124312 0.177082 -0.145089 0.101525 
1023 0 -198.175 33.2191 0.0707107 -0.0116589 0.0697429 0.109153 -0.0972493 0.0495674 
1023 0 -198.175 33.219 0.0707107 -0.0116586 0.0697429 0.109153 -0.0972491 0.0495677 
1024 0 -198.175 33.2189 0.0707107 -0.0116588 0.0697429 0.109153 -0.0972492 0.0495675 
1025 0 -198.175 33.2189 0.1 0.0580839 0.0814018 0.0975137 0.0610582 0.0760317 
1025 0 -198.175 33.2188 0.1 0.0580838 0.0814019 0.0975137 0.0610581 0.0760318 
1026 0 -198.175 33.2187 0.1 0.0580838 0.0814019 0.0975137 0.0610581 0.0760317 
1027 0 -198.175 33.2187 0.0707107 0.0449686 -0.0545695 0.217917 0.0329468 -0.215412 
1027 0 -198.175 33.2187 0.0707107 0.0449685 -0.0545696 0.217917 0.0329465 -0.215412 
1028 0 -198.176 33.2186 0.0707107 0.044968 -0.05457 0.217917 0.0329446 -0.215412 
1028 0 -198.176 33.2186 0.0707107 0.044968 -0.0545699 0.217917 0.0329448 -0.215412 
1029 0 -198.176 33.2185 0.05 -0.00480109 -0.049769 0.211352 -0.0138621 -0.210897 
1030 0 -198.176 33.2184 0 -0 0 0.0881096 -0.00201545 -0.0880865 
1030 0 -198.176 33.2184 0 -0 0 0.0881096 -0.00201507 -0.0880865 
1031 0 -198.176 33.2183 0 -0 0 0.0881096 -0.00201493 -0.0880866 
1032 0 -198.176 33.2182 0 -0 0 0.0881096 -0.00201504 -0.0880866 
1032 0 -198.176 33.2182 0 -0 0 0.0881096 -0.00201492 -0.0880866 
1033 0 -198.176 33.2181 0 -0 0 0.0881096 -0.00201422 -0.0880866 
1033 0 -198.175 33.2196 0 -0 0 0.0881096 -0.00201318 -0.0880866 
1034 0 -198.175 33.2195 0 -0 0 0.0881096 -0.00201259 -0.0880866 
1035 0 -198.175 33.2195 0 -0 0 0.0881096 -0.00201216 -0.0880866 
1035 0 -198.175 33.2195 0 -0 0 0.0881096 -0.00201183 -0.0880866 
1036 0 -198.175 33.2195 0 -0 0 0.0881096 -0.00201062 -0.0880866 
1037 0 -198.175 33.2194 6.35071e-12 1.04738e-12 -6.26375e-12 0.0881096 -0.00201046 -0.0880867 
1037 0 -198.175 33.2194 6.35071e-12 1.04738e-12 -6.26375e-12 0.0881096 -0.0020105 -0.0880867 
1038 0 -198.175 33.2193 0.0707107 0.0697424 0.011662 0.101429 0.0664376 -0.0766411 
1038 0 -198.175 33.2192 0.0707107 0.0697424 0.0116616 0.101429 0.0664372 -0.0766415 
1039 0 -198.175 33.2191 0.0707107 0.0697425 0.0116612 0.101429 0.0664367 -0.0766419 
1040 0 -198.175 33.219 0.1 0.0814035 -0.0580815 0.16044 0.0771431 -0.140677 
1040 0 -198.175 33.219 0.1 0.0814034 -0.0580817 0.16044 0.0771429 -0.140677 
1041 0 -198.175 33.2189 0.158114 0.0930639 -0.127825 0.230732 0.0891998 -0.212792 
1041 0 -198.175 33.2189 0.158114 0.0930634 -0.127825 0.230732 0.0891989 -0.212793 
1042 0 -198.175 33.2188 0.141421 0.0233204 -0.139485 0.225466 0.0174356 -0.224791 
1043 0 -198.175 33.2188 0.141421 0.0233197 -0.139485 0.225466 0.0174345 -0.224791 
1043 0 -198.175 33.2187 0.141421 0.0233199 -0.139485 0.225466 0.0174348 -0.224791 
1044 0 -198.175 33.2187 0.141421 0.0233196 -0.139485 0.225466 0.0174343 -0.224791 
1045 0 -198.175 33.2187 0.141421 0.0233204 -0.139485 0.225466 0.0174356 -0.224791 
1045 0 -198.175 33.2186 0.141421 0.0233217 -0.139485 0.225466 0.0174376 -0.224791 
1046 0 -198.175 33.2185 0.0366025 0.0364336 -0.0035131 0.0807263 0.0455414 0.0666537 
1046 0 -198.176 33.2185 0.0366025 0.0364335 -0.00351332 0.0807263 0.0455418 0.0666535 
1047 0 -198.176 33.2184 0.0366025 0.0364335 -0.0035135 0.0807263 0.0455422 0.0666532 
1048 0 -198.176 33.2183 0.0258819 0.0164601 -0.0199735 0.0740574 -0.0647928 0.0358663 
1048 0 -198.176 33.2182 0.0258819 0.0164599 -0.0199736 0.0740574 -0.0647926 0.0358668 
1049 0 -198.176 33.2182 0.0707107 0.0116595 -0.0697428 0.115898 -0.0766374 -0.086943 
1050 0 -198.176 33.2181 3.15532e-12 5.00445e-13 -3.11538e-12 0.134002 -0.105075 0.083161 
1050 0 -198.176 33.218 3.15532e-12 5.00466e-13 -3.11538e-12 0.134002 -0.105076 0.0831604 
1051 0 -198.176 33.218 3.15532e-12 5.00467e-13 -3.11538e-12 0.134002 -0.105076 0.0831603 
1051 0 -198.176 33.2179 3.15532e-12 5.00465e-13 -3.11538e-12 0.134002 -0.105075 0.0831604 
1052 0 -198.176 33.2178 0 -0 0 0.134002 -0.105076 0.0831594 
1053 0 -198.176 33.2178 0 -0 0 0.134002 -0.105077 0.083159 
1053 0 -198.176 33.2177 0 -0 0 0.134002 -0.105076 0.0831596 
1054 0 -198.176 33.2176 0 -0 0 0.134002 -0.105076 0.0831597 
1054 0 -198.176 33.2176 0 -0 0 0.134002 -0.105076 0.0831602 
1055 0 -198.176 33.2175 0 -0 0 0.134002 -0.105076 0.0831602 
1056 0 -198.176 33.2174 0.05 -0.00479977 -0.0497691 0.12364 -0.116962 -0.040084 
1056 0 -198.176 33.2174 0.05 -0.0047998 -0.0497691 0.12364 -0.116962 -0.0400839 
1057 0 -198.176 33.2173 0.0707107 -0.0247741 -0.0662287 0.149513 -0.138613 -0.0560394 
1058 0 -198.175 33.2192 0.0707107 -0.0247736 -0.0662289 0.149513 -0.138613 -0.0560403 
1058 0 -198.175 33.2191 0.0707107 -0.0247738 -0.0662289 0.149513 -0.138613 -0.05604 
1059 0 -198.175 33.2191 0.0707107 -0.0247734 -0.066229 0.149513 -0.138613 -0.0560407 
1059 0 -198.175 33.2191 0.0707107 -0.0247737 -0.0662289 0.149513 -0.138613 -0.0560401 
1060 0 -198.175 33.219 0.0707107 -0.0116605 0.0697426 0.149773 -0.126964 0.0794496 
1061 0 -198.175 33.219 0.0707107 -0.0116608 0.0697426 0.149773 -0.126964 0.0794491 
1061 0 -198.175 33.2189 0.0707107 -0.0116607 0.0697426 0.149773 -0.126964 0.0794493 
1062 0 -198.175 33.2189 0.0707107 -0.0116611 0.0697425 0.149773 -0.126964 0.0794486 
1063 0 -198.175 33.2188 0.0707107 -0.0116611 0.0697425 0.149773 -0.126964 0.0794487 
1063 0 -198.175 33.2188 0.0707107 -0.0116609 0.0697425 0.149773 -0.126964 0.0794489 
1064 0 -198.175 33.2187 0.0707107 -0.0116615 0.0697425 0.149773 -0.126965 0.0794479 
1064 0 -198.175 33.2187 0.0707107 -0.0116614 0.0697425 0.149773 -0.126965 0.079448 
1065 0 -198.175 33.2186 1.00223e-11 -8.84471e-12 -4.71358e-12 0.116259 -0.115657 0.0118215 
1066 0 -198.175 33.2186 1.00223e-11 -8.84471e-12 -4.71358e-12 0.116259 -0.115657 0.0118215 
1066 0 -198.175 33.2185 1.00223e-11 -8.84474e-12 -4.71353e-12 0.116259 -0.115657 0.0118222 
1067 0 -198.175 33.2184 3.17535e-12 5.23615e-13 -3.13189e-12 0.0375258 -0.0263061 0.0267615 
1068 0 -198.175 33.2184 3.17535e-12 5.23594e-13 -3.13189e-12 0.0375258 -0.0263059 0.0267617 
1068 0 -198.175 33.2183 3.17535e-12 5.23598e-13 -3.13189e-12 0.0375258 -0.0263059 0.0267617 
1069 0 -198.175 33.2183 0 -0 0 0.0742012 -0.00952896 -0.0735868 
1069 0 -198.176 33.2182 0 -0 0 0.0742012 -0.00952863 -0.0735868 
1070 0 -198.176 33.2182 0 -0 0 0.0742012 -0.00952865 -0.0735868 
1071 0 -198.176 33.2181 3.15532e-12 5.00504e-13 -3.11537e-12 0.0742012 -0.0095284 -0.0735869 
1071 0 -198.176 33.2181 3.15532e-12 5.00531e-13 -3.11537e-12 0.0742012 -0.00952775 -0.0735869 
1072 0 -198.176 33.218 3.15532e-12 5.00582e-13 -3.11536e-12 0.0742012 -0.00952654 -0.0735871 
1072 0 -198.176 33.2179 3.15532e-12 5.00561e-13 -3.11536e-12 0.0742012 -0.00952704 -0.073587 
1073 0 -198.176 33.2179 3.15532e-12 5.00568e-13 -3.11536e-12 0.0742012 -0.00952688 -0.073587 
1074 0 -198.176 33.2178 3.15532e-12 5.00577e-13 -3.11536e-12 0.0742012 -0.00952666 -0.0735871 
1074 0 -198.176 33.2177 3.15532e-12 5.00543e-13 -3.11537e-12 0.0742012 -0.00952748 -0.073587 
1075 0 -198.176 33.2176 0.05 0.00479927 0.0497691 0.049713 0.00235624 0.0496571 
1076 0 -198.176 33.2176 0.0707107 -0.0449698 0.0545685 0.0700669 -0.0444409 0.0541699 
1076 0 -198.176 33.2175 0.0707107 -0.04497 0.0545683 0.0700669 -0.0444411 0.0541698 
1077 0 -198.176 33.2174 0.0707107 -0.0449702 0.0545681 0.0700669 -0.0444413 0.0541696 
1077 0 -198.176 33.2174 0.0707107 -0.0449701 0.0545682 0.0700669 -0.0444413 0.0541696 
1078 0 -198.176 33.2173 0.0707107 -0.0449708 0.0545677 0.0700669 -0.0444419 0.0541691 
1079 0 -198.176 33.2172 0.1 -0.0580804 -0.0814044 0.175492 -0.0411595 -0.170597 
1079 0 -198.176 33.2172 0.1 -0.0580798 -0.0814048 0.175492 -0.0411583 -0.170598 
1080 0 -198.176 33.2171 0.1 -0.0580798 -0.0814047 0.175492 -0.0411584 -0.170598 
1081 0 -198.176 33.2171 0.1 -0.0580801 -0.0814046 0.175492 -0.0411589 -0.170597 
1081 0 -198.174 33.2188 0.1 -0.0580798 -0.0814048 0.175492 -0.0411583 -0.170598 
1082 0 -198.174 33.2188 0.1 -0.0580801 -0.0814046 0.175492 -0.0411589 -0.170597 
1083 0 -198.174 33.2187 0.1 -0.0580806 -0.0814042 0.175492 -0.0411599 -0.170597 
1083 0 -198.174 33.2187 0.1 -0.0580815 -0.0814036 0.175492 -0.0411618 -0.170597 
1084 0 -198.174 33.2186 0.0707107 -0.0697425 -0.0116611 0.115567 -0.0524691 -0.10297 
1084 0 -198.174 33.2186 0.0707107 -0.0697426 -0.0116607 0.115567 -0.0524696 -0.102969 
1085 0 -198.174 33.2185 0.0707107 -0.0697426 -0.0116603 0.115567 -0.0524702 -0.102969 
1086 0 -198.174 33.2185 6.35071e-12 -1.04723e-12 6.26377e-12 0.0929071 0.0153204 -0.0916352 
1086 0 -198.174 33.2185 6.35071e-12 -1.04724e-12 6.26377e-12 0.0929071 0.0153205 -0.0916352 
1087 0 -198.174 33.2184 6.35071e-12 -1.04726e-12 6.26377e-12 0.0929071 0.0153208 -0.0916351 
1087 0 -198.174 33.2184 6.35071e-12 -1.04726e-12 6.26377e-12 0.0929071 0.0153208 -0.0916351 
1088 0 -198.174 33.2183 6.35071e-12 -1.04727e-12 6.26377e-12 0.0952877 0.0157134 -0.0939831 
1089 0 -198.174 33.2183 6.35071e-12 -1.04726e-12 6.26377e-12 0.0952877 0.0157134 -0.0939831 
1089 0 -198.174 33.2183 6.35071e-12 -1.04726e-12 6.26377e-12 0.0952877 0.0157133 -0.0939832 
1090 0 -198.174 33.2182 0.0707107 -0.0116591 0.0697428 0.0289688 0.00477653 -0.0285723 
1091 0 -198.174 33.2182 0.0707107 -0.011659 0.0697429 0.0289688 0.00477647 -0.0285723 
1091 0 -198.174 33.2181 0.0707107 -0.0116595 0.0697428 0.0289688 0.00477669 -0.0285723 
1092 0 -198.174 33.2181 0.0707107 -0.01166 0.0697427 0.0289688 0.00477689 -0.0285723 
1092 0 -198.174 33.218 0.0707107 -0.0116595 0.0697428 0.0289688 0.00477668 -0.0285723 
1093 0 -198.174 33.2179 0.1 0.058083 0.0814025 0.0741563 0.0721063 -0.017316 
1094 0 -198.174 33.2179 0.0707107 0.044969 -0.0545691 0.3608 0.0391841 -0.358666 
1094 0 -198.174 33.2178 0.0707107 0.0449694 -0.0545688 0.3608 0.039187 -0.358666 
1095 0 -198.174 33.2178 0.0707107 0.0449692 -0.054569 0.3608 0.0391854 -0.358666 
1096 0 -198.174 33.2177 0.0707107 0.0449687 -0.0545694 0.3608 0.0391822 -0.358666 
1096 0 -198.174 33.2177 0.0707107 0.0449685 -0.0545695 0.3608 0.0391812 -0.358666 
1097 0 -198.175 33.2177 0.0707107 0.0449685 -0.0545695 0.3608 0.0391812 -0.358666 
1097 0 -198.175 33.2176 0.0707107 0.0449687 -0.0545693 0.3608 0.0391825 -0.358666 
1098 0 -198.175 33.2176 0.0366025 0.0333094 0.0151733 0.197652 0.0122006 -0.197275 
1099 0 -198.175 33.2175 0.0366025 0.0333094 0.0151733 0.197652 0.0122005 -0.197275 
1099 0 -198.175 33.2175 0.0366025 0.0333095 0.0151732 0.197652 0.0122001 -0.197275 
1100 0 -198.175 33.2173 0.0366025 0.0333094 0.0151734 0.197652 0.0122014 -0.197275 
1100 0 -198.175 33.2173 0.0366025 0.0333093 0.0151736 0.197652 0.0122022 -0.197275 
1101 0 -198.175 33.2172 0.0366025 0.0333092 0.0151737 0.197652 0.0122032 -0.197275 
1102 0 -198.175 33.2171 0.0707107 -0.0116601 0.0697427 0.116126 -0.0923603 -0.0703898 
1102 0 -198.175 33.2171 0.0707107 -0.01166 0.0697427 0.116126 -0.0923604 -0.0703897 
1103 0 -198.175 33.217 3.17535e-12 5.23592e-13 -3.13189e-12 0.157891 -0.0815228 -0.135217 
1104 0 -198.175 33.2169 6.35071e-12 1.04713e-12 -6.26379e-12 0.157891 -0.081524 -0.135216 
1104 0 -198.175 33.2169 6.35071e-12 1.04713e-12 -6.26379e-12 0.157891 -0.081524 -0.135216 
1105 0 -198.175 33.2168 6.35071e-12 1.04711e-12 -6.26379e-12 0.157891 -0.0815245 -0.135216 
1105 0 -198.174 33.2187 6.35071e-12 1.04708e-12 -6.2638e-12 0.157891 -0.0815251 -0.135216 
1106 0 -198.174 33.2186 6.35071e-12 1.04707e-12 -6.2638e-12 0.157891 -0.0815252 -0.135215 
1107 0 -198.174 33.2186 0.0707107 0.0116585 -0.0697429 0.214458 -0.0702568 -0.202623 
1107 0 -198.174 33.2185 0.0707107 0.0116587 -0.0697429 0.214458 -0.0702563 -0.202623 
1108 0 -198.173 33.2184 0.0707107 0.0116583 -0.069743 0.214458 -0.0702575 -0.202623 
1108 0 -198.173 33.2184 0.0707107 0.0116585 -0.0697429 0.214458 -0.0702569 -0.202623 
1109 0 -198.173 33.2184 0.141421 0.0233174 -0.139486 0.274521 -0.0593217 -0.268035 
1110 0 -198.173 33.2183 0.141421 0.0233181 -0.139486 0.274521 -0.0593204 -0.268035 
1110 0 -198.173 33.2182 0.141421 0.0233197 -0.139485 0.274521 -0.0593174 -0.268036 
1111 0 -198.173 33.2179 0.141421 0.0233192 -0.139486 0.274521 -0.0593182 -0.268035 
1112 0 -198.173 33.2175 0.158114 -0.046423 -0.151145 0.306665 -0.126647 -0.279292 
1112 0 -198.173 33.2173 0.158114 -0.046423 -0.151145 0.306665 -0.126647 -0.279292 
1113 0 -198.172 33.2168 0.0366025 -0.0333093 -0.0151736 0.112408 -0.0937253 0.062058 
1113 0 -198.172 33.2164 0.0366025 -0.0333094 -0.0151734 0.112408 -0.0937249 0.0620587 
1114 0 -198.172 33.2158 0.0366025 -0.0333093 -0.0151735 0.112408 -0.093725 0.0620585 
1115 0 -198.171 33.2151 0.0707107 0.0247746 0.0662285 0.242631 0.0334673 0.240312 
1115 0 -198.171 33.2143 0.0707107 0.0247746 0.0662285 0.242631 0.0334675 0.240312 
1116 0 -198.17 33.214 0.0707107 0.0247747 0.0662285 0.242631 0.0334678 0.240312 
1117 0 -198.17 33.2133 0.0366025 -0.0333095 -0.0151731 0.113334 -0.100145 0.0530614 
1117 0 -198.17 33.2127 0.0366025 -0.0333095 -0.0151731 0.113334 -0.100145 0.0530613 
1118 0 -198.168 33.2108 0.0366025 -0.0333094 -0.0151734 0.113334 -0.100145 0.0530605 
1118 0 -198.168 33.21 0.0366025 -0.0333093 -0.0151734 0.113334 -0.100146 0.0530602 
1119 0 -198.167 33.2087 0.0366025 -0.0333092 -0.0151738 0.113334 -0.100146 0.0530592 
1120 0 -198.166 33.2078 0.0366025 -0.0333091 -0.0151739 0.113334 -0.100146 0.0530588 
1120 0 -198.165 33.2062 0.0366025 -0.033309 -0.0151742 0.113334 -0.100147 0.053058 
1121 0 -198.164 33.2045 0.0707107 0.0116615 -0.0697424 0.0739581 0.00441927 -0.0738259 
1122 0 -198.163 33.2033 0 -0 0 0.0110542 -0.00642035 -0.00899861 
1122 0 -198.161 33.2013 0 -0 0 0.0110542 -0.00642029 -0.00899865 
1123 0 -198.16 33.1991 0 -0 0 0.0110542 -0.00642032 -0.00899863 
1123 0 -198.159 33.1984 0 -0 0 0.0110542 -0.00642032 -0.00899863 
1124 0 -198.156 33.1943 0 -0 0 0.0110542 -0.00642029 -0.00899865 
1125 0 -198.155 33.1925 0.1 0.05808 0.0814046 0.20141 0.116979 0.163957 
1125 0 -198.154 33.1906 0.1 0.0580802 0.0814045 0.20141 0.116979 0.163957 
1126 0 -198.152 33.1887 0.1 0.0580799 0.0814047 0.20141 0.116979 0.163957 
1127 0 -198.15 33.1855 0.1 0.0580797 0.0814048 0.20141 0.116978 0.163957 
1127 0 -198.149 33.1833 0.1 0.0580795 0.081405 0.20141 0.116978 0.163958 
1128 0 -198.146 33.1799 0.1 0.0580796 0.0814049 0.20141 0.116978 0.163958 
1128 0 -198.146 33.1799 0.1 0.0580796 0.0814049 0.20141 0.116978 0.163958 
1129 0 -198.146 33.1774 0.1 0.0580799 0.0814047 0.20141 0.116979 0.163957 
1130 0 -198.144 33.175 0.2 0.116162 0.162808 0.422635 0.245471 0.344041 
1130 0 -198.142 33.1713 0.2 0.116164 0.162806 0.422635 0.245476 0.344037 
1131 0 -198.138 33.1662 0.2 0.116167 0.162804 0.422635 0.24548 0.344034 
1131 0 -198.136 33.1636 0.2 0.116166 0.162805 0.422635 0.24548 0.344034 
1132 0 -198.133 33.1583 0.2 0.116166 0.162805 0.422635 0.245479 0.344035 
1133 0 -198.131 33.1555 0.2 0.116165 0.162806 0.422635 0.245477 0.344036 
1133 0 -198.128 33.1512 0.2 0.116162 0.162808 0.422635 0.245471 0.344041 
1134 0 -198.123 33.1452 0.158114 0.127823 0.0930655 0.256174 0.185215 0.176975 
1135 0 -198.121 33.1421 0.158114 0.127823 0.0930659 0.256174 0.185215 0.176976 
1135 0 -198.119 33.139 0.158114 0.127823 0.093066 0.256174 0.185215 0.176976 
1136 0 -198.117 33.1358 0.254951 0.185904 0.17447 0.484057 0.318819 0.364232 
1136 0 -198.113 33.1308 0.254951 0.185903 0.174471 0.484057 0.318817 0.364234 
1137 0 -198.108 33.1237 0.254951 0.1859 0.174474 0.484057 0.318812 0.364238 
1138 0 -198.107 33.1219 0.316228 0.255642 0.186138 0.618158 0.478794 0.390994 
1138 0 -198.101 33.1141 0.316228 0.255637 0.186144 0.618158 0.478784 0.391006 
1139 0 -198.096 33.1078 0.316228 0.255634 0.186148 0.618158 0.478778 0.391013 
1139 0 -198.092 33.1011 0.316228 0.255633 0.186149 0.618158 0.478776 0.391016 
1140 0 -198.088 33.0964 0.291548 0.267299 0.116409 0.586945 0.490178 0.322846 
1141 0 -198.085 33.0914 0.291548 0.267298 0.116412 0.586945 0.490174 0.322852 
1141 0 -198.079 33.0834 0.291548 0.267296 0.116417 0.586945 0.490169 0.32286 
1142 0 -198.075 33.0778 0.291548 0.267295 0.116419 0.586945 0.490166 0.322865 
1143 0 -198.068 33.0687 0.291548 0.267292 0.116425 0.586945 0.490159 0.322876 
1143 0 -198.063 33.0622 0.291548 0.267292 0.116426 0.586945 0.490157 0.322878 
1144 0 -198.056 33.0518 0.212132 0.209222 0.0350186 0.396232 0.366778 0.149914 
1144 0 -198.048 33.0405 0.212132 0.209221 0.035022 0.396232 0.366775 0.14992 
1145 0 -198.039 33.0283 0.212132 0.209221 0.0350233 0.396232 0.366774 0.149922 
1146 0 -198.033 33.0197 0.212132 0.209221 0.0350248 0.396232 0.366773 0.149925 
1146 0 -198.023 33.0059 0.212132 0.20922 0.0350264 0.396232 0.366772 0.149928 
1147 0 -198.016 32.9962 0.212132 0.20922 0.0350293 0.396232 0.36677 0.149933 
1148 0 -198.004 32.9807 0.212132 0.209219 0.035033 0.396232 0.366767 0.149939 
1148 0 -197.992 32.9641 0.212132 0.209219 0.0350358 0.396232 0.366765 0.149944 
1149 0 -197.98 32.9465 0.158114 0.151158 -0.0463804 0.240222 0.23832 -0.03017 
1150 0 -197.966 32.9278 0.158114 0.15116 -0.0463751 0.240222 0.238321 -0.0301616 
1150 0 -197.957 32.9147 0.158114 0.151161 -0.046373 0.240222 0.238322 -0.0301582 
1151 0 -197.942 32.8942 0.1 0.0814224 -0.0580551 0.177802 0.172986 -0.0411019 
1151 0 -197.932 32.8799 0.1 0.0814235 -0.0580536 0.177802 0.172987 -0.0410987 
1152 0 -197.927 32.8725 0.1 0.081424 -0.0580528 0.177802 0.172987 -0.041097 
1153 0 -197.921 32.8651 0.0707107 0.0116861 -0.0697383 0.11826 0.106061 -0.0523107 
1153 0 -197.909 32.8514 0.0707107 0.0116869 -0.0697382 0.11826 0.106062 -0.0523095 
1154 0 -197.886 32.8195 0.1 -0.0580485 -0.0814271 0.075019 0.0401851 -0.0633483 
1155 0 -197.874 32.8028 0.1 -0.058048 -0.0814274 0.075019 0.0401855 -0.063348 
1155 0 -197.861 32.7856 0.1 -0.0580478 -0.0814276 0.075019 0.0401857 -0.0633479 
1156 0 -197.836 32.7498 0.158114 -0.0463558 -0.151166 0.141397 0.051634 -0.131633 
1156 0 -197.815 32.7216 0.158114 -0.0463562 -0.151166 0.141397 0.0516336 -0.131633 
1157 0 -197.794 32.6924 0.2 -0.116094 -0.162857 0.191947 -0.108338 -0.15845 
1158 0 -197.773 32.6621 0.2 -0.116092 -0.162857 0.191947 -0.108337 -0.158451 
1158 0 -197.758 32.6414 0.2 -0.11609 -0.162859 0.191947 -0.108335 -0.158452 
1159 0 -197.719 32.5874 0.141421 -0.139473 -0.0233927 0.133047 -0.131058 -0.0229207 
1159 0 -197.702 32.565 0.141421 -0.139473 -0.0233966 0.133047 -0.131058 -0.0229244 
1160 0 -197.678 32.5306 0.141421 -0.139471 -0.0234038 0.133047 -0.131056 -0.0229312 
1161 0 -197.66 32.507 0.158114 -0.127767 -0.0931435 0.220901 -0.102021 -0.195931 
1161 0 -197.643 32.483 0.158114 -0.127765 -0.0931458 0.220901 -0.102017 -0.195933 
1162 0 -197.616 32.4461 0.158114 -0.127763 -0.0931489 0.220901 -0.102013 -0.195935 
1163 0 -197.589 32.4082 0.1 -0.0580271 -0.0814423 0.176815 0.0419374 -0.171769 
1163 0 -197.571 32.3823 0.1 -0.0580267 -0.0814426 0.176815 0.0419383 -0.171769 
1164 0 -197.542 32.3427 0.00980762 0.000934542 0.00976299 0.129682 0.0983045 -0.0845787 
1165 0 -197.523 32.3156 0.0366025 0.00348688 0.0364361 0.107094 0.103926 -0.0258576 
1165 0 -197.493 32.2743 0.0366025 0.00348563 0.0364362 0.107094 0.103927 -0.0258541 
1166 0 -197.463 32.232 1.58843e-11 7.26835e-12 1.41239e-11 0.118151 0.100453 -0.0622007 
1166 0 -197.442 32.2033 1.58843e-11 7.26775e-12 1.41242e-11 0.118151 0.100456 -0.0621964 
1167 0 -197.41 32.1595 9.50599e-12 9.37101e-12 1.59622e-12 0.118151 0.10046 -0.0621894 
1168 0 -197.378 32.1147 9.50599e-12 9.37088e-12 1.59699e-12 0.118151 0.100465 -0.0621811 
1168 0 -197.356 32.0843 9.50599e-12 9.37081e-12 1.59739e-12 0.118151 0.100468 -0.0621768 
1169 0 -197.322 32.038 9.50599e-12 9.37071e-12 1.598e-12 0.118151 0.100472 -0.0621703 
1169 0 -197.288 31.9906 9.50599e-12 9.37061e-12 1.5986e-12 0.118151 0.100476 -0.0621639 
1170 0 -197.253 31.9424 0.0707107 0.0697283 0.0117459 0.173517 0.165804 -0.0511565 
1171 0 -197.229 31.9097 0.0707107 0.069728 0.0117473 0.173517 0.165805 -0.0511531 
1171 0 -197.205 31.8765 0.0707107 0.0697278 0.0117485 0.173517 0.165806 -0.0511503 
1172 0 -197.169 31.8261 0.119709 -0.0325356 0.115202 0.083385 0.0690745 0.0467094 
1173 0 -197.132 31.7746 0.132288 0.0371899 0.126952 0.146804 0.134942 0.057811 
1173 0 -197.106 31.7399 0.132288 0.0371869 0.126953 0.146804 0.134941 0.0578142 
1174 0 -197.068 31.6869 0.132288 0.0371816 0.126955 0.146804 0.134939 0.0578198 
1174 0 -197.029 31.633 0.132288 0.0371756 0.126957 0.146804 0.134936 0.0578262 
1175 0 -196.989 31.5782 0.198318 0.0254037 0.196684 0.176449 0.123414 0.126109 
1176 0 -196.976 31.5597 0.223607 0.03443 0.22094 0.235181 0.145308 0.184921 
1176 0 -196.976 31.5597 0.223607 0.03443 0.22094 0.235181 0.145308 0.184921 
1177 0 -196.92 31.482 0.223607 0.0344082 0.220944 0.235181 0.14529 0.184936 
1178 0 -196.893 31.4439 0.158114 0.0461722 0.151222 0.195876 0.156656 0.117586 
1178 0 -196.851 31.386 0.158114 0.0461623 0.151225 0.195876 0.156648 0.117596 
1179 0 -196.794 31.3074 0.158114 0.0461501 0.151229 0.195876 0.156639 0.117609 
1179 0 -196.766 31.2675 0.158114 0.0461442 0.151231 0.195876 0.156634 0.117615 
1180 0 -196.722 31.207 0.223607 0.0343456 0.220953 0.317273 0.127377 0.290581 
1181 0 -196.693 31.1661 0.223607 0.0343407 0.220954 0.317273 0.12737 0.290584 
1181 0 -196.648 31.1041 0.223607 0.0343328 0.220955 0.317273 0.12736 0.290589 
1182 0 -196.588 31.0202 0.212132 -0.0353942 0.209158 0.266754 -0.0165669 0.266239 
1182 0 -196.557 30.9776 0.212132 -0.0353984 0.209158 0.266754 -0.0165723 0.266239 
1183 0 -196.511 30.9131 0.150916 -0.0942459 0.11787 0.193225 -0.0728307 0.178973 
1184 0 -196.464 30.8477 0.132964 -0.096767 0.0911901 0.143533 -0.0783775 0.120245 
1184 0 -196.416 30.7815 0.132964 -0.0967712 0.0911857 0.143533 -0.078383 0.120241 
1185 0 -196.384 30.7369 0.0940199 -0.0827853 0.0445684 0.100029 -0.0647494 0.0762454 
1186 0 -196.351 30.692 0.0940199 -0.0827862 0.0445668 0.100029 -0.0647509 0.0762441 
1186 0 -196.302 30.6238 0.0940199 -0.0827872 0.0445649 0.100029 -0.0647526 0.0762426 
1187 0 -196.253 30.5548 0.0940199 -0.0827881 0.0445631 0.100029 -0.0647543 0.0762412 
1188 0 -196.219 30.5083 0.0707107 0.0697165 0.0118156 0.286411 0.28641 0.000836439 
1188 0 -196.185 30.4614 0.0707107 0.0697165 0.0118159 0.286411 0.28641 0.0008374 
1189 0 -196.151 30.4142 2.13032e-11 -1.25719e-11 1.7198e-11 0.221641 0.221407 -0.0101761 
1189 0 -196.1 30.3426 2.13032e-11 -1.25723e-11 1.71978e-11 0.221641 0.221408 -0.0101719 
1190 0 -196.048 30.2701 0.1 -0.0815357 0.0578959 0.152906 0.146789 0.0428179 
1191 0 -196.013 30.2213 0.0965926 0.0905488 -0.0336309 0.425445 0.424755 -0.0242183 
1191 0 -195.942 30.1226 0.0965926 0.0905516 -0.0336236 0.425445 0.424757 -0.0241839 
1192 0 -195.888 30.0475 0.186603 0.152167 -0.108009 0.495142 0.485459 -0.0974457 
1193 0 -195.851 29.997 0.0965926 0.0905552 -0.0336136 0.342531 0.330631 0.0895021 
1193 0 -195.815 29.9461 0.0965926 0.0905571 -0.0336086 0.342531 0.330626 0.0895204 
1194 0 -195.74 29.8432 0.0965926 0.09056 -0.0336008 0.342531 0.330618 0.0895489 
1194 0 -195.703 29.7912 0.0965926 0.0905608 -0.0335987 0.342531 0.330616 0.0895567 
1195 0 -195.665 29.7388 0.1 0.0815592 -0.0578627 0.310312 0.308787 0.0307274 
1196 0 -195.627 29.686 0.0707107 0.0118485 -0.0697109 0.147365 0.147328 0.00328597 
1196 0 -195.589 29.6328 0.0707107 0.0118481 -0.069711 0.147365 0.147328 0.00328513 
1197 0 -195.492 29.4982 0.0707107 0.0697122 0.0118411 0.219187 0.203243 0.0820666 
1197 0 -195.472 29.471 0.0707107 0.0697126 0.0118385 0.219187 0.203246 0.0820592 
1198 0 -195.393 29.3613 0.0707107 0.069715 0.0118245 0.219187 0.203263 0.0820185 
1199 0 -195.353 29.3058 0.0707107 0.0697165 0.0118159 0.219187 0.203273 0.0819934 
1199 0 -195.313 29.25 0.0707107 0.069718 0.0118066 0.219187 0.203284 0.0819661 
1200 0 -195.293 29.222 0.084296 0.0242178 -0.0807422 0.159228 0.159022 -0.00808408 
1201 0 -195.232 29.1373 0.084296 0.0241989 -0.0807479 0.159228 0.15902 -0.00812143 
1201 0 -195.189 29.08 0.084296 0.0241849 -0.0807521 0.159228 0.159019 -0.00814903 
1202 0 -195.127 28.994 0.084296 0.024168 -0.0807572 0.159228 0.159017 -0.00818229 
1202 0 -195.085 28.9361 0.084296 0.0241574 -0.0807603 0.159228 0.159016 -0.00820318 
1203 0 -195.001 28.8194 0.084296 0.0241387 -0.0807659 0.159228 0.159014 -0.00823989 
1204 0 -194.937 28.7309 0.0840869 0.00544121 -0.0839106 0.17873 0.130331 -0.122304 
1204 0 -194.894 28.6714 0.0840869 0.00543305 -0.0839112 0.17873 0.130319 -0.122316 
1205 0 -194.829 28.5815 0.0166037 0.0124011 -0.0110406 0.146744 0.136977 -0.0526428 
1206 0 -194.763 28.4908 0.0378937 -0.0373721 -0.00626619 0.0514639 0.02927 -0.0423297 
1206 0 -194.719 28.4299 0.0378937 -0.0373727 -0.00626218 0.0514639 0.0292654 -0.0423329 
1207 0 -194.653 28.3379 0.191695 -0.189812 0.0267994 0.323521 -0.321753 0.033778 
1207 0 -194.585 28.245 0.191695 -0.189808 0.0268301 0.323521 -0.321747 0.03383 
1208 0 -194.518 28.1513 0.131656 -0.127095 -0.0343533 0.264 -0.263117 -0.021573 
1209 0 -194.449 28.0567 0.129595 -0.0954821 -0.0876247 0.316018 -0.309675 -0.0630002 
1209 0 -194.426 28.025 0.129595 -0.0954864 -0.08762 0.316018 -0.309678 -0.0629851 
1210 0 -194.334 27.8973 0.158114 -0.127877 -0.0929922 0.463941 -0.455665 -0.0872376 
1211 0 -194.263 27.8006 0.119709 -0.119517 -0.00677463 0.34655 -0.346243 0.0145991 
1211 0 -194.216 27.7358 0.119709 -0.119517 -0.00676084 0.34655 -0.346241 0.014639 
1212 0 -194.169 27.6705 0.1 -0.0581584 -0.0813486 0.258338 -0.192052 -0.172784 
1212 0 -194.121 27.6049 0.1 -0.0581665 -0.0813428 0.258338 -0.192069 -0.172765 
1213 0 -194.049 27.5059 0.141421 -0.139513 -0.0231546 0.292673 -0.267468 -0.118821 
1214 0 -193.952 27.3725 0.119709 -0.119521 -0.00669102 0.235715 -0.221403 -0.0808852 
1214 0 -193.927 27.3389 0.119709 -0.119522 -0.00668402 0.235715 -0.221407 -0.0808723 
1215 0 -193.854 27.2376 0.05 -0.0497611 0.00488194 0.0806692 -0.0598447 -0.0540938 
1216 0 -193.755 27.1014 0.145466 -0.14084 -0.0363926 0.197651 -0.194012 -0.0377489 
1216 0 -193.705 27.0327 0.145466 -0.140844 -0.0363759 0.197651 -0.194017 -0.0377258 
1217 0 -193.655 26.9637 0.145466 -0.140848 -0.0363602 0.197651 -0.194021 -0.0377042 
1217 0 -193.604 26.8944 0.145466 -0.140852 -0.0363447 0.197651 -0.194025 -0.0376829 
1218 0 -193.503 26.7547 0.145466 -0.140861 -0.0363104 0.197651 -0.194034 -0.0376357 
1219 0 -193.451 26.6843 0.084296 -0.0238442 0.0808534 0.122177 0.0357604 0.116826 
1219 0 -193.4 26.6136 0.084296 -0.0238318 0.080857 0.122177 0.0357783 0.116821 
1220 0 -193.296 26.4712 0.084296 -0.0238055 0.0808648 0.122177 0.0358163 0.116809 
1221 0 -193.244 26.3995 0.11652 -0.0935732 0.0694335 0.144316 -0.110503 0.0928232 
1221 0 -193.192 26.3274 0.11652 -0.0935633 0.0694468 0.144316 -0.11049 0.0928389 
1222 0 -193.113 26.2188 0.084296 -0.0237652 0.0808766 0.112381 -0.042738 0.103937 
1222 0 -193.033 26.1096 0.084296 -0.0237519 0.0808805 0.112381 -0.0427209 0.103944 
1223 0 -192.953 25.9997 0.127174 0.0660835 0.108656 0.245253 0.0613011 0.237468 
1224 0 -192.926 25.9629 0.136954 0.128563 0.0472012 0.280384 0.204103 0.192242 
1224 0 -192.899 25.9261 0.136954 0.128565 0.0471961 0.280384 0.20411 0.192234 
1225 0 -192.793 25.7774 0.18324 0.178318 0.0421849 0.360707 0.311777 0.181397 
1226 0 -192.738 25.7029 0.18324 0.17832 0.0421781 0.360707 0.311784 0.181385 
1226 0 -192.683 25.6281 0.18324 0.178322 0.0421708 0.360707 0.311791 0.181372 
1227 0 -192.545 25.44 0.155446 0.115868 0.103625 0.345649 0.251811 0.236779 
1228 0 -192.49 25.3642 0.179315 0.176984 0.0288203 0.404079 0.398119 0.0691458 
1228 0 -192.406 25.25 0.179315 0.176985 0.0288128 0.404079 0.398122 0.069129 
1229 0 -192.322 25.1353 0.141421 0.139584 0.0227201 0.368348 0.362854 0.0633772 
1229 0 -192.238 25.0199 0.141421 0.139585 0.0227177 0.368348 0.362856 0.0633709 
1230 0 -192.124 24.8651 0.0707107 0.0697929 0.0113558 0.196128 0.192853 0.035694 
1231 0 -192.096 24.8262 0.0707107 0.069793 0.0113549 0.196128 0.192853 0.0356915 
1231 0 -192.011 24.7092 0.0707107 0.0697939 0.0113495 0.196128 0.192856 0.0356766 
1232 0 -191.925 24.5917 0.158114 0.150932 -0.0471125 0.268688 0.268049 -0.0185148 
1233 0 -191.868 24.5132 0.145466 0.130879 -0.0634904 0.228857 0.221834 -0.0562596 
1233 0 -191.811 24.4344 0.145466 0.130875 -0.0634981 0.228857 0.22183 -0.0562726 
1234 0 -191.725 24.316 0.145466 0.13087 -0.0635073 0.228857 0.221826 -0.0562882 
1234 0 -191.638 24.1971 0.145466 0.130869 -0.0635111 0.228857 0.221825 -0.0562947 
1235 0 -191.551 24.0779 0.148356 0.0937997 -0.11494 0.284328 0.233608 -0.162079 
1236 0 -191.522 24.0381 0.0707107 0.044708 -0.0547832 0.122249 0.120075 -0.0229564 
1236 0 -191.434 23.9184 0.0707107 0.0447099 -0.0547816 0.122249 0.120075 -0.0229522 
1237 0 -191.346 23.7982 0.148356 0.0938128 -0.114929 0.186911 0.168083 -0.0817556 
1238 0 -191.258 23.6775 0.141421 0.0226803 -0.139591 0.146981 -0.0171544 -0.145977 
1238 0 -191.228 23.6372 0.141421 0.022684 -0.13959 0.146981 -0.0171505 -0.145977 
1239 0 -191.109 23.4753 0.141421 0.022694 -0.139589 0.146981 -0.0171401 -0.145979 
1239 0 -191.02 23.3534 0.141421 0.0227009 -0.139588 0.146981 -0.0171329 -0.145979 
1240 0 -190.93 23.2309 0.158114 0.0924963 -0.128236 0.177843 0.129235 -0.122174 
1241 0 -190.87 23.1489 0.141421 0.0227012 -0.139587 0.146702 0.0614909 -0.133193 
1241 0 -190.779 23.0255 0.141421 0.0226976 -0.139588 0.146702 0.0614874 -0.133194 
1242 0 -190.689 22.9015 0.0707107 -0.0697946 -0.0113455 0.0342997 -0.0338858 -0.00531219 
1243 0 -190.628 22.8185 0.141421 -0.13959 -0.0226835 0.186066 -0.183687 -0.0296532 
1243 0 -190.567 22.7353 0.141421 -0.139592 -0.0226749 0.186066 -0.183689 -0.0296418 
1244 0 -190.445 22.568 0.141421 -0.139594 -0.0226609 0.186066 -0.183692 -0.0296234 
1245 0 -190.384 22.4841 0.141421 -0.139595 -0.0226574 0.186066 -0.183693 -0.0296189 
1245 0 -190.291 22.3577 0.141421 -0.139595 -0.0226565 0.186066 -0.183693 -0.0296177 
1246 0 -190.199 22.2309 0.0707107 -0.0697969 -0.0113311 0.118517 -0.117016 -0.0188007 
1246 0 -190.106 22.1035 0.0707107 -0.0697962 -0.0113355 0.118517 -0.117015 -0.018808 
1247 0 -190.044 22.0183 0.158114 -0.15093 0.0471168 0.243097 -0.207912 0.125971 
1248 0 -190.012 21.9756 0.158114 -0.150932 0.047113 0.243097 -0.207915 0.125966 
1248 0 -189.981 21.9329 0.158114 -0.150933 0.0471082 0.243097 -0.207919 0.125959 
1249 0 -189.827 21.7208 0.158114 -0.150943 0.0470757 0.243097 -0.207946 0.125915 
1250 0 -189.764 21.6346 0.158114 -0.150947 0.0470647 0.243097 -0.207956 0.125899 
1250 0 -189.67 21.505 0.158114 -0.150952 0.0470464 0.243097 -0.207971 0.125874 
1251 0 -189.574 21.3748 0.158114 -0.150956 0.0470336 0.243097 -0.207981 0.125857 
1252 0 -189.479 21.2441 0.141421 -0.139577 -0.0227645 0.185349 -0.184385 -0.0188858 
1252 0 -189.383 21.1128 0.141421 -0.139576 -0.0227741 0.185349 -0.184383 -0.0188985 
1253 0 -189.287 20.9811 0.141421 -0.139574 -0.0227816 0.185349 -0.184382 -0.0189084 
1254 0 -189.223 20.8929 0.1 -0.058395 -0.081179 0.185257 -0.0938191 -0.159744 
1254 0 -189.126 20.7602 0.1 -0.0583947 -0.0811792 0.185257 -0.0938185 -0.159744 
1255 0 -189.029 20.627 0.0744209 -0.0206386 -0.0715019 0.230459 0.00866812 -0.230296 
1255 0 -188.964 20.5379 0.0744209 -0.020638 -0.0715021 0.230459 0.00867024 -0.230296 
1256 0 -188.834 20.3593 0.0707107 -0.0697861 -0.0113974 0.175987 -0.0393711 -0.171527 
1257 0 -188.769 20.2696 0.1 -0.0583863 -0.0811852 0.348762 -0.0104407 -0.348605 
1257 0 -188.703 20.1798 0.1 -0.0583837 -0.0811871 0.348762 -0.0104296 -0.348606 
1258 0 -188.605 20.0447 0.1 -0.0583785 -0.0811909 0.348762 -0.0104071 -0.348606 
1259 0 -188.473 19.8641 0.1 -0.058367 -0.0811991 0.348762 -0.0103578 -0.348608 
1259 0 -188.407 19.7735 0.1 -0.0583612 -0.0812033 0.348762 -0.0103328 -0.348608 
1260 0 -188.341 19.6828 0.1 -0.0583559 -0.081207 0.348762 -0.0103104 -0.348609 
1261 0 -188.274 19.5919 0.158114 -0.0469228 -0.150991 0.415635 0.000684911 -0.415634 
1261 0 -188.141 19.4097 0.158114 -0.0469111 -0.150995 0.415635 0.000717053 -0.415634 
1262 0 -188.075 19.3184 0.158114 -0.0469075 -0.150996 0.415635 0.000726913 -0.415634 
1262 0 -187.942 19.1353 0.158114 -0.0468969 -0.150999 0.415635 0.000756219 -0.415634 
1263 0 -187.875 19.0436 0.142685 -0.0974127 -0.104258 0.37577 -0.0452747 -0.373033 
1264 0 -187.775 18.9058 0.158721 -0.0993543 -0.123778 0.420952 -0.0497459 -0.418002 
1264 0 -187.708 18.8138 0.158721 -0.099356 -0.123777 0.420952 -0.0497514 -0.418001 
1265 0 -187.574 18.6295 0.151827 -0.0860283 -0.125102 0.420895 -0.0375539 -0.419216 
1266 0 -187.473 18.4911 0.0707107 0.0697789 0.0114413 0.2585 0.184323 -0.181238 
1266 0 -187.406 18.3987 0.0707107 0.0697787 0.0114424 0.2585 0.184326 -0.181235 
1267 0 -187.305 18.26 1.58818e-11 2.56543e-12 -1.56732e-11 0.226645 0.121054 -0.191608 
1268 0 -187.204 18.1212 0.0707107 0.069778 0.011447 0.321829 0.275558 -0.166258 
1268 0 -187.137 18.0287 0.0707107 0.0697774 0.0114507 0.321829 0.275567 -0.166244 
1269 0 -187.036 17.8898 0.0707107 0.0697763 0.011457 0.321829 0.275582 -0.166219 
1270 0 -186.934 17.7508 0.0707107 0.0697754 0.0114627 0.321829 0.275596 -0.166196 
1270 0 -186.867 17.6581 0.0707107 0.0697748 0.0114664 0.321829 0.275604 -0.166182 
1271 0 -186.732 17.4726 0.0707107 0.0697739 0.0114717 0.27679 0.262655 -0.0873225 
1272 0 -186.732 17.4726 0.1 0.0583022 0.0812456 0.246621 0.237195 0.0675294 
1272 0 -186.698 17.4261 0.1 0.0583012 0.0812464 0.246621 0.237195 0.0675323 
1273 0 -186.6 17.2939 0.158114 0.0468298 0.15102 0.305053 0.212278 0.219078 
1273 0 -186.464 17.1082 0.158114 0.0468305 0.15102 0.305053 0.212279 0.219077 
1274 0 -186.363 16.9688 1.26914e-11 -2.06847e-12 1.25217e-11 0.183091 0.16788 0.0730656 
1275 0 -186.261 16.8294 1.58466e-11 -1.1445e-11 1.09603e-11 0.183091 0.167883 0.0730604 
1275 0 -186.194 16.7365 1.58466e-11 -1.14447e-11 1.09606e-11 0.183091 0.167885 0.073056 
1276 0 -186.059 16.5507 0.0707107 -0.069775 -0.0114649 0.190975 0.0828 0.172092 
1277 0 -185.991 16.4579 0.1 -0.08124 0.05831 0.338742 0.0561881 0.334049 
1277 0 -185.89 16.3187 0.1 -0.0812407 0.0583091 0.338742 0.0561842 0.33405 
1278 0 -185.755 16.1332 0.158114 -0.092706 0.128084 0.402164 0.0454156 0.399591 
1279 0 -185.687 16.0405 0.158114 -0.0927024 0.128087 0.402164 0.0454268 0.39959 
1279 0 -185.62 15.9479 0.158114 -0.0926981 0.12809 0.402164 0.0454404 0.399589 
1280 0 -185.519 15.8092 0.158114 -0.0926855 0.128099 0.402164 0.0454796 0.399584 
1280 0 -185.418 15.6706 0.158114 -0.0926691 0.128111 0.402164 0.0455308 0.399578 
1281 0 -185.317 15.5322 0.158114 -0.0926449 0.128129 0.402164 0.0456061 0.39957 
1282 0 -185.25 15.44 0.131972 -0.1119 0.069965 0.337493 -0.0599364 0.332129 
1282 0 -185.149 15.3021 0.131972 -0.111881 0.0699953 0.337493 -0.0598464 0.332145 
1283 0 -185.049 15.1645 0.207256 -0.194684 -0.0710854 0.261014 -0.137034 0.222148 
1284 0 -185.049 15.1645 0.214237 -0.206675 -0.0564156 0.292453 -0.146241 0.253263 
1284 0 -184.915 14.9816 0.214237 -0.206698 -0.0563337 0.292453 -0.14614 0.253321 
1285 0 -184.815 14.845 0.212132 -0.20939 -0.0339979 0.278286 -0.223768 0.165442 
1286 0 -184.749 14.7541 0.2251 -0.202463 -0.098379 0.296399 -0.296146 0.012244 
1286 0 -184.65 14.6181 0.2251 -0.202493 -0.0983176 0.296399 -0.296142 0.0123339 
1287 0 -184.517 14.4375 0.367912 -0.296813 -0.217396 0.484913 -0.472547 -0.108813 
1287 0 -184.451 14.3476 0.367912 -0.29685 -0.217346 0.484913 -0.472565 -0.108733 
1288 0 -184.353 14.2132 0.367912 -0.296896 -0.217282 0.484913 -0.472588 -0.108632 
1289 0 -184.255 14.0794 0.354938 -0.325877 -0.140659 0.539495 -0.536184 0.0596795 
1289 0 -184.189 13.9905 0.354938 -0.325896 -0.140615 0.539495 -0.536176 0.0597516 
1290 0 -184.059 13.8134 0.344471 -0.337136 -0.0707091 0.561019 -0.546733 0.125798 
1291 0 -184.026 13.7692 0.354938 -0.325943 -0.140505 0.522686 -0.521875 -0.0291159 
1291 0 -183.962 13.6812 0.354938 -0.325961 -0.140464 0.522686 -0.521878 -0.0290506 
1292 0 -183.801 13.462 0.379752 -0.330799 -0.186504 0.531618 -0.526515 -0.0734815 
1292 0 -183.737 13.3748 0.379752 -0.330826 -0.186455 0.531618 -0.526526 -0.0734042 
1293 0 -183.641 13.2445 0.291877 -0.272178 -0.105412 0.470532 -0.470515 0.00401006 
1294 0 -183.577 13.158 0.291877 -0.272195 -0.105368 0.470532 -0.470514 0.00408739 
1294 0 -183.514 13.0717 0.291877 -0.272212 -0.105323 0.470532 -0.470514 0.00416456 
1295 0 -183.45 12.9857 0.214879 -0.213496 -0.0243432 0.422146 -0.414112 0.0819621 
1296 0 -183.419 12.9428 0.202144 -0.197201 -0.0444316 0.378107 -0.377127 0.0272024 
1296 0 -183.356 12.8572 0.202144 -0.197208 -0.0443994 0.378107 -0.377123 0.027264 
1297 0 -183.234 12.6928 0.218386 -0.186162 -0.114175 0.368711 -0.366725 -0.0382157 
1297 0 -183.172 12.6081 0.218386 -0.18618 -0.114147 0.368711 -0.366731 -0.0381598 
1298 0 -183.048 12.4396 0.251979 -0.191451 -0.16383 0.380894 -0.371562 -0.0837946 
1299 0 -182.924 12.2724 0.22062 -0.141745 -0.16906 0.287252 -0.271318 -0.0943422 
1299 0 -182.863 12.1893 0.22062 -0.141749 -0.169057 0.287252 -0.27132 -0.0943365 
1300 0 -182.741 12.0241 0.181306 -0.136498 -0.119332 0.270987 -0.266527 -0.0489598 
1301 0 -182.71 11.983 0.119709 -0.030629 -0.115724 0.0541917 -0.0349251 -0.0414364 
1301 0 -182.589 11.8194 0.119709 -0.0306259 -0.115725 0.0541917 -0.034924 -0.0414374 
1302 0 -182.499 11.6976 0.180278 0.177498 0.0315371 0.190225 0.161105 0.101146 
1303 0 -182.439 11.6167 0.220591 0.154033 0.157906 0.391011 0.109953 0.375233 
1303 0 -182.349 11.496 0.220591 0.154033 0.157906 0.391011 0.109954 0.375233 
1304 0 -182.261 11.3761 0.0707107 0.0698453 0.0110285 0.238479 0.0304518 0.236527 
1305 0 -182.202 11.2966 0.15868 0.133025 0.0865097 0.43291 0.166839 0.39947 
1305 0 -182.114 11.1778 0.15868 0.133025 0.0865092 0.43291 0.166841 0.399469 
1306 0 -182.027 11.0597 0.250359 0.157884 0.194299 0.530508 0.189038 0.495685 
1307 0 -181.969 10.9814 0.302225 0.146863 0.264142 0.666286 0.165411 0.645427 
1307 0 -181.911 10.9034 0.302225 0.146866 0.264141 0.666286 0.165418 0.645425 
1308 0 -181.826 10.787 0.305453 0.164549 0.257342 0.585105 0.218088 0.542942 
1308 0 -181.74 10.6713 0.305453 0.164542 0.257346 0.585105 0.218073 0.542947 
1309 0 -181.656 10.5563 0.175265 0.0448278 0.169436 0.474486 0.107893 0.462057 
1310 0 -181.572 10.4422 0.205719 0.105692 0.176493 0.538525 0.247556 0.478253 
1310 0 -181.516 10.3666 0.205719 0.105676 0.176502 0.538525 0.247514 0.478274 
1311 0 -181.433 10.2538 0.248586 0.110506 0.222673 0.580543 0.252138 0.522931 
1312 0 -181.377 10.179 0.248586 0.110481 0.222685 0.580543 0.25208 0.522959 
1312 0 -181.295 10.0675 0.248586 0.110447 0.222702 0.580543 0.252 0.522997 
1313 0 -181.213 9.95668 0.248586 0.110417 0.222717 0.580543 0.25193 0.523031 
1314 0 -181.132 9.84668 0.244294 0.0519308 0.238711 0.571567 0.125223 0.557681 
1314 0 -181.078 9.77376 0.244294 0.0519147 0.238714 0.571567 0.125185 0.557689 
1315 0 -180.998 9.66504 0.202469 0.10516 0.173018 0.466766 0.166745 0.435966 
1316 0 -180.918 9.55712 0.12258 0.0390761 0.116184 0.330561 0.0411836 0.327985 
1316 0 -180.839 9.44996 0.12258 0.0390711 0.116186 0.330561 0.0411694 0.327987 
1317 0 -180.787 9.37896 0.171719 0.0442577 0.165917 0.376522 0.0459308 0.37371 
1318 0 -180.683 9.23802 0.123931 0.0261039 0.121151 0.274845 0.0150248 0.274434 
1318 0 -180.631 9.16806 0.123931 0.0260998 0.121152 0.274845 0.0150155 0.274434 
1319 0 -180.554 9.0638 0.0886509 -0.0421428 0.0779934 0.241158 -0.0518134 0.235526 
1319 0 -180.554 9.0638 0.0886509 -0.0421428 0.0779934 0.241158 -0.0518134 0.235526 
1320 0 -180.458 8.93648 0.143313 -0.114956 0.0855776 0.301234 -0.164976 0.252042 
1321 0 -180.408 8.86817 0.226795 -0.183607 0.133133 0.374987 -0.167409 0.335543 
1321 0 -180.333 8.76635 0.226795 -0.183613 0.133125 0.374987 -0.167424 0.335536 
1322 0 -180.234 8.63189 0.309808 -0.279091 0.134496 0.284344 -0.230993 0.165813 
1323 0 -180.161 8.53199 0.309808 -0.279104 0.134469 0.284344 -0.231009 0.165791 
1323 0 -180.112 8.46583 0.309808 -0.279114 0.134448 0.284344 -0.231021 0.165774 
1324 0 -180.04 8.36726 0.309808 -0.279132 0.134411 0.284344 -0.231044 0.165742 
1325 0 -179.968 8.26949 0.309808 -0.279146 0.134381 0.284344 -0.231061 0.165718 
1325 0 -179.92 8.20477 0.309808 -0.279156 0.13436 0.284344 -0.231074 0.1657 
1326 0 -179.826 8.07637 0.275646 -0.267993 0.0645003 0.20774 -0.207124 0.0159763 
1327 0 -179.779 8.01267 0.256867 -0.256812 -0.0053338 0.202811 -0.19657 -0.0499233 
1327 0 -179.709 7.91777 0.256867 -0.256812 -0.00534761 0.202811 -0.196568 -0.0499338 
1328 0 -179.64 7.82369 0.160368 -0.137316 0.082839 0.0920605 -0.0866064 0.0312167 
1329 0 -179.594 7.76143 0.212132 -0.198185 0.075649 0.226764 -0.226286 0.0147222 
1329 0 -179.549 7.69954 0.212132 -0.198186 0.0756453 0.226764 -0.226286 0.0147179 
1330 0 -179.436 7.5465 0.218356 -0.216646 0.0272728 0.244501 -0.24282 -0.028618 
1331 0 -179.392 7.48596 0.167447 -0.134186 -0.100163 0.297219 -0.0752824 -0.287527 
1331 0 -179.37 7.45584 0.167447 -0.134184 -0.100165 0.297219 -0.0752768 -0.287528 
1332 0 -179.304 7.36606 0.167447 -0.134178 -0.100174 0.297219 -0.075258 -0.287533 
1332 0 -179.217 7.24777 0.167447 -0.134171 -0.100183 0.297219 -0.0752379 -0.287538 
1333 0 -179.153 7.16012 0.15868 -0.112089 -0.112319 0.318922 0.0174846 -0.318442 
1334 0 -179.089 7.07346 0.195953 -0.170575 -0.0964457 0.306144 -0.0353528 -0.304095 
1334 0 -179.026 6.9878 0.195953 -0.17057 -0.0964538 0.306144 -0.0353384 -0.304097 
1335 0 -178.944 6.8752 0.111803 -0.104589 -0.0395109 0.215595 0.090024 -0.195901 
1336 0 -178.903 6.8196 0.100893 -0.0981063 0.0235511 0.121712 0.103598 -0.063884 
1337 0 -178.862 6.76452 0.149121 -0.129776 0.073453 0.057023 0.0340369 0.0457506 
1337 0 -178.802 6.68288 0.149121 -0.129783 0.0734409 0.057023 0.0340326 0.0457537 
1338 0 -178.743 6.60241 0.0945301 -0.066723 0.0669625 0.103887 0.0961295 0.0393895 
1339 0 -178.704 6.54943 0.0763351 -0.0295837 0.0703694 0.138068 0.13014 0.0461139 
1339 0 -178.627 6.44517 0.0763351 -0.0295927 0.0703656 0.138068 0.130134 0.0461306 
1340 0 -178.571 6.36848 0.1 -0.0810671 0.0585502 0.0218 0.0214816 -0.00371238 
1340 0 -178.552 6.3432 0.1 -0.0810681 0.0585488 0.0218 0.0214817 -0.00371201 
1341 0 -178.479 6.24355 0.0788748 0.0382824 -0.0689615 0.184207 0.134987 -0.125341 
1342 0 -178.444 6.19465 0.0788748 0.0382823 -0.0689616 0.184207 0.134987 -0.125342 
1342 0 -178.391 6.12247 0.0788748 0.0382831 -0.0689612 0.184207 0.134988 -0.12534 
1343 0 -178.374 6.09873 0.0720582 0.0249551 -0.067599 0.174518 0.122716 -0.124086 
1344 0 -178.339 6.05173 0.110897 0.0345616 -0.105374 0.252655 0.143962 -0.207629 
1344 0 -178.311 6.01271 0.110897 0.0345607 -0.105374 0.252655 0.14396 -0.20763 
1345 0 -178.261 5.94452 0.135814 0.0318434 -0.132029 0.272767 0.14135 -0.233286 
1346 0 -178.196 5.85592 0.135814 0.0318592 -0.132025 0.272767 0.141378 -0.233269 
1346 0 -178.149 5.7912 0.135814 0.0318712 -0.132022 0.272767 0.141399 -0.233256 
1347 0 -178.102 5.72795 0.192071 0.102358 -0.162524 0.331139 0.204416 -0.260513 
1348 0 -178.057 5.66613 0.194911 0.102003 -0.16609 0.336227 0.20372 -0.267482 
1348 0 -178.013 5.60571 0.194911 0.10201 -0.166085 0.336227 0.203731 -0.267474 
1349 0 -177.956 5.52736 0.168373 0.120404 -0.117696 0.314204 0.220211 -0.224123 
1350 0 -177.914 5.47026 0.0389774 0.0377707 0.00962339 0.0627046 0.0523248 0.0345541 
1350 0 -177.914 5.47026 0.0389774 0.0377707 0.00962339 0.0627046 0.0523248 0.0345541 
1351 0 -177.86 5.39633 0.0389774 0.0377705 0.00962418 0.0627046 0.052324 0.0345551 
1351 0 -177.82 5.34256 0.0389774 0.0377702 0.0096256 0.0627046 0.0523227 0.0345571 
1352 0 -177.795 5.30753 0.0744209 0.0741847 0.00592478 0.0917527 0.0863203 0.0311024 
1353 0 -177.757 5.25625 0.0389774 0.0350607 -0.0170289 0.0172923 0.0118578 -0.0125863 
1353 0 -177.721 5.20645 0.0389774 0.0350617 -0.017027 0.0172923 0.0118585 -0.0125857 
1354 0 -177.685 5.15807 0.0619657 0.0313668 -0.0534403 0.0464241 0.00850456 -0.0456384 
1355 0 -177.662 5.12659 0.119158 0.0249704 -0.116513 0.177737 -0.00488778 -0.17767 
1355 0 -177.639 5.09573 0.119158 0.024976 -0.116512 0.177737 -0.00487928 -0.17767 
1356 0 -177.595 5.03584 0.119158 0.0249858 -0.116509 0.177737 -0.00486428 -0.17767 
1357 0 -177.564 4.99247 0.226795 0.128217 -0.187073 0.406913 0.228136 -0.336945 
1357 0 -177.543 4.96428 0.226795 0.128226 -0.187067 0.406913 0.228152 -0.336934 
1358 0 -177.513 4.92309 0.229548 0.127879 -0.190628 0.41223 0.227484 -0.34378 
1359 0 -177.483 4.88318 0.183729 0.114219 -0.143912 0.279013 0.197813 -0.19677 
1359 0 -177.464 4.85727 0.183729 0.114225 -0.143906 0.279013 0.197822 -0.196761 
1360 0 -177.445 4.83188 0.193558 0.112885 -0.157232 0.286999 0.196582 -0.209103 
1360 0 -177.409 4.78264 0.193558 0.112899 -0.157221 0.286999 0.196601 -0.209085 
1361 0 -177.383 4.747 0.193558 0.112906 -0.157217 0.286999 0.19661 -0.209076 
1362 0 -177.366 4.72383 0.266603 0.137599 -0.22835 0.423498 0.232293 -0.354105 
1362 0 -177.349 4.70109 0.266603 0.137605 -0.228346 0.423498 0.232303 -0.354098 
1363 0 -177.325 4.66777 0.229548 0.127954 -0.190578 0.343091 0.210952 -0.270575 
1364 0 -177.309 4.64606 0.209609 0.130646 -0.163914 0.324928 0.213546 -0.2449 
1364 0 -177.285 4.61423 0.209609 0.130654 -0.163907 0.324928 0.213558 -0.24489 
1365 0 -177.255 4.57312 0.185543 0.0608743 -0.175273 0.296234 0.1505 -0.255156 
1366 0 -177.24 4.55312 0.145179 -0.00963746 -0.144859 0.244171 0.0874718 -0.227966 
1366 0 -177.219 4.52378 0.145179 -0.00963338 -0.144859 0.244171 0.0874782 -0.227963 
1367 0 -177.212 4.51418 0.0619657 -0.0534102 -0.0314182 0.119937 0.0441985 -0.111497 
1368 0 -177.212 4.51418 0.0619657 -0.0534102 -0.0314182 0.119937 0.0441985 -0.111497 
1368 0 -177.19 4.48022 0.0619657 -0.0534115 -0.0314159 0.119937 0.0441938 -0.111498 
1369 0 -177.17 4.45293 0.0940199 -0.0898298 -0.0277553 0.108385 0.00927748 -0.107987 
1369 0 -177.15 4.4263 0.0940199 -0.0898291 -0.0277576 0.108385 0.00928014 -0.107987 
1370 0 -177.131 4.40034 0.113397 -0.0934878 -0.0641795 0.143585 0.0057179 -0.143471 
