909 0 -169.938 -4.52783 3.77974 -0.0125253 3.77972 4.07348 0.089097 4.07251 
910 0 -169.934 -4.53271 3.92748 0.131233 3.92529 4.50082 0.384221 4.48439 
910 0 -169.932 -4.53521 3.92748 0.131207 3.92529 4.50082 0.384191 4.48439 
911 0 -169.928 -4.54028 4 0.0537834 3.99964 4.40042 0.256109 4.39296 
911 0 -169.924 -4.54549 4 0.0537018 3.99964 4.40042 0.25602 4.39296 
912 0 -169.92 -4.54949 4.14005 0.0355973 4.1399 4.50643 0.242218 4.49992 
912 0 -169.917 -4.55357 4.14005 0.0356067 4.13989 4.50643 0.242228 4.49992 
913 0 -169.914 -4.55772 4.13991 0.00856592 4.1399 4.48236 0.220305 4.47694 
914 0 -169.911 -4.56197 4.15023 0.0333139 4.15009 4.68246 0.266918 4.67485 
914 0 -169.907 -4.56631 4.15023 0.0333211 4.15009 4.68246 0.266926 4.67485 
915 0 -169.905 -4.56924 4.03249 0.0494388 4.03219 4.5828 0.281718 4.57413 
915 0 -169.9 -4.57521 4.03249 0.0493873 4.03219 4.5828 0.28166 4.57413 
916 0 -169.896 -4.57978 4.35579 0.00407062 4.35579 4.70901 0.192909 4.70506 
916 0 -169.894 -4.58287 4.35579 0.00403234 4.35579 4.70901 0.192868 4.70506 
917 0 -169.891 -4.586 4.30072 0.00156124 4.30072 4.64051 0.188503 4.63667 
917 0 -169.889 -4.58916 4.30072 0.00151306 4.30072 4.64051 0.188451 4.63668 
918 0 -169.883 -4.5972 4.33591 0.0430511 4.3357 4.67584 0.223782 4.67048 
918 0 -169.879 -4.60212 4.33591 0.0429992 4.3357 4.67584 0.223726 4.67048 
919 0 -169.875 -4.60711 4.69641 0.118115 4.69492 4.99133 0.291299 4.98282 
920 0 -169.869 -4.61387 4.53503 0.11985 4.53345 4.99799 0.273565 4.9905 
920 0 -169.868 -4.61558 4.53503 0.119825 4.53345 4.99799 0.273538 4.9905 
921 0 -169.863 -4.6225 4.75298 0.107186 4.75177 5.20512 0.261284 5.19856 
921 0 -169.858 -4.62776 4.75298 0.107175 4.75177 5.20512 0.261271 5.19856 
922 0 -169.853 -4.63487 5.06598 0.135506 5.06417 5.1772 0.254366 5.17095 
923 0 -169.85 -4.63848 4.99455 0.0707282 4.99405 5.31686 0.226783 5.31203 
923 0 -169.847 -4.64213 4.99455 0.0707104 4.99405 5.31686 0.226764 5.31203 
924 0 -169.84 -4.6514 4.83079 0.104055 4.82967 5.18058 0.254891 5.17431 
924 0 -169.838 -4.65329 4.83079 0.104038 4.82967 5.18058 0.254873 5.17431 
925 0 -169.832 -4.66089 5.03253 0.103938 5.03145 5.23563 0.299775 5.22705 
926 0 -169.826 -4.66862 4.70992 0.0742428 4.70933 5.09251 0.275299 5.08506 
926 0 -169.825 -4.67058 4.70992 0.0742173 4.70933 5.09251 0.275272 5.08506 
927 0 -169.82 -4.67651 5.03115 0.213912 5.0266 5.3653 0.391284 5.35101 
927 0 -169.816 -4.68455 5.03115 0.213808 5.02661 5.3653 0.391173 5.35102 
928 0 -169.812 -4.68862 5.31307 0.295197 5.30486 5.58514 0.45503 5.56657 
929 0 -169.804 -4.69904 5.32403 0.172987 5.32122 5.59675 0.218454 5.59248 
929 0 -169.799 -4.70544 5.32403 0.172938 5.32122 5.59675 0.218403 5.59249 
930 0 -169.791 -4.71646 5.52235 0.15751 5.5201 5.71873 0.210368 5.71486 
930 0 -169.785 -4.72335 5.52235 0.157482 5.52011 5.71873 0.210339 5.71486 
931 0 -169.777 -4.73292 5.51044 0.142214 5.50861 5.69505 0.199885 5.69154 
932 0 -169.772 -4.74044 5.44955 0.147414 5.44756 5.86454 0.175544 5.86191 
932 0 -169.767 -4.74565 5.44955 0.147317 5.44756 5.86454 0.17544 5.86192 
933 0 -169.756 -4.75946 5.81151 0.203697 5.80794 5.94587 0.192546 5.94276 
934 0 -169.752 -4.76535 5.91953 0.231378 5.91501 6.22146 0.252189 6.21635 
934 0 -169.744 -4.77465 5.91953 0.231178 5.91502 6.22146 0.251979 6.21636 
935 0 -169.734 -4.78802 5.44673 0.224508 5.4421 5.81951 0.246266 5.81429 
935 0 -169.728 -4.79515 5.44673 0.224442 5.4421 5.81951 0.246196 5.8143 
936 0 -169.722 -4.80258 5.99026 0.163122 5.98804 6.27144 0.191737 6.26851 
936 0 -169.71 -4.81845 5.99026 0.16309 5.98804 6.27144 0.191703 6.26851 
937 0 -169.703 -4.82692 6.03503 0.182482 6.03227 6.30733 0.207883 6.3039 
938 0 -169.693 -4.84035 5.80086 0.174524 5.79824 6.29476 0.175859 6.29231 
938 0 -169.673 -4.86477 5.80086 0.174313 5.79824 6.29476 0.17563 6.29231 
939 0 -169.661 -4.88069 6.06733 0.21438 6.06355 6.37275 0.22955 6.36862 
939 0 -169.652 -4.89184 6.06733 0.214141 6.06355 6.37275 0.229299 6.36863 
940 0 -169.638 -4.90941 5.96907 0.279101 5.96254 6.25836 0.286899 6.25178 
941 0 -169.613 -4.94099 5.50541 0.24019 5.50017 5.99549 0.271689 5.98933 
941 0 -169.603 -4.95445 5.50541 0.239947 5.50018 5.99549 0.271424 5.98934 
942 0 -169.592 -4.96837 5.77151 0.195242 5.76821 6.02319 0.206979 6.01963 
942 0 -169.569 -4.99764 5.77151 0.194771 5.76822 6.02319 0.206488 6.01965 
943 0 -169.545 -5.02877 5.91467 0.176659 5.91203 6.14601 0.190924 6.14304 
943 0 -169.525 -5.05334 5.91467 0.176494 5.91203 6.14601 0.190753 6.14305 
944 0 -169.505 -5.07897 5.59668 0.234571 5.59176 5.8775 0.240916 5.87256 
945 0 -169.492 -5.09664 5.81872 0.2271 5.81429 6.34549 0.227581 6.34141 
945 2 -169.492 -5.09664 0 -0 0 0 -0 0 
945 0 -169.477 -5.11477 5.81872 0.226932 5.81429 6.34549 0.227398 6.34142 
945 2 -169.477 -5.11477 0 -0 0 0 -0 0 
946 0 -169.47 -5.12401 5.65962 0.205786 5.65588 6.22902 0.211878 6.22542 
946 1 -169.47 -5.12401 0 -0 0 0 -0 0 
946 0 -169.455 -5.14284 5.65962 0.205563 5.65589 6.22902 0.211632 6.22543 
946 1 -169.455 -5.14284 0 -0 0 0 -0 0 
947 0 -169.414 -5.19743 5.29647 0.112954 5.29527 5.94097 0.137991 5.93937 
947 1 -169.414 -5.19743 0.190756 0.13855 0.131117 3.4521 2.50734 2.37281 
947 0 -169.398 -5.21791 5.29647 0.112734 5.29527 5.94097 0.137745 5.93937 
947 1 -169.398 -5.21791 0.190756 0.138545 0.131123 3.4521 2.50724 2.37292 
948 0 -169.365 -5.26026 5.1368 0.0677277 5.13635 5.50684 0.0592144 5.50652 
948 1 -169.365 -5.26026 0.31566 0.121061 0.291522 2.75669 1.10778 2.52431 
948 0 -169.33 -5.30454 5.1368 0.0672277 5.13636 5.50684 0.0586784 5.50653 
948 1 -169.33 -5.30454 0.31566 0.121032 0.291534 2.75669 1.10753 2.52442 
949 0 -169.303 -5.33902 5.04608 0.0647318 5.04566 5.47251 0.0517245 5.47227 
949 1 -169.303 -5.33902 0.464016 0.177885 0.428565 2.65559 1.05178 2.43842 
949 0 -169.285 -5.36262 5.04608 0.0645374 5.04567 5.47251 0.0515136 5.47227 
949 1 -169.285 -5.36262 0.464016 0.177868 0.428572 2.65559 1.05169 2.43846 
950 0 -169.247 -5.41128 4.77816 0.115924 4.77675 5.25766 0.0925643 5.25685 
950 1 -169.247 -5.41128 0.73392 0.0335146 0.733154 3.06544 0.205973 3.05851 
951 0 -169.217 -5.44902 4.77816 0.115586 4.77676 5.25766 0.0921926 5.25686 
951 1 -169.217 -5.44902 0.800823 0.00548506 0.800804 2.96149 -0.0480875 2.9611 
951 0 -169.187 -5.48782 4.77816 0.115223 4.77677 5.25766 0.0917929 5.25686 
951 1 -169.187 -5.48782 0.800823 0.00542418 0.800805 2.96149 -0.0483126 2.96109 
952 0 -169.166 -5.51427 4.77816 0.11495 4.77678 5.25766 0.0914931 5.25687 
952 1 -169.166 -5.51427 0.800823 0.00537851 0.800805 2.46791 -0.0404012 2.46758 
952 0 -169.135 -5.55483 4.77816 0.114504 4.77679 5.25766 0.0910024 5.25688 
952 1 -169.135 -5.55483 0.800823 0.00530376 0.800805 2.46791 -0.0406316 2.46757 
953 0 -169.102 -5.59646 4.77816 0.114052 4.7768 5.25766 0.0905043 5.25689 
953 1 -169.102 -5.59646 1.21674 -0.0137682 1.21667 3.15972 -0.0826968 3.15863 
953 0 -169.069 -5.63914 4.77816 0.11365 4.77681 5.25766 0.0900616 5.25689 
953 1 -169.069 -5.63914 1.21674 -0.0138706 1.21667 3.15972 -0.0829628 3.15863 
954 0 -169.023 -5.69768 4.77816 0.113199 4.77682 5.25766 0.0895661 5.2569 
954 1 -169.023 -5.69768 1.54279 0.0239937 1.5426 3.45562 0.0077586 3.45561 
954 0 -169 -5.72767 4.77816 0.112959 4.77682 5.25766 0.0893017 5.25691 
954 1 -169 -5.72767 1.54279 0.0239161 1.54261 3.45562 0.00758482 3.45561 
955 0 -168.964 -5.77356 4.77816 0.112718 4.77683 5.25766 0.0890362 5.25691 
955 1 -168.964 -5.77356 1.83315 0.0570088 1.83226 3.63032 0.0704858 3.62964 
955 0 -168.952 -5.7891 4.77816 0.112634 4.77683 5.25766 0.0889446 5.25691 
955 1 -168.952 -5.7891 1.83315 0.0569769 1.83226 3.63032 0.0704226 3.62964 
956 0 -168.915 -5.83645 4.77816 0.11236 4.77684 5.25766 0.0886429 5.25692 
956 1 -168.915 -5.83645 1.90297 0.0476329 1.90237 3.38767 0.0472909 3.38734 
957 0 -168.865 -5.90139 4.77816 0.111915 4.77685 5.25766 0.0881523 5.25693 
957 1 -168.865 -5.90139 2.18281 0.0104736 2.18279 4.05831 -0.086275 4.05739 
957 3 -168.865 -5.90139 0 -0 0 0 -0 0 
957 0 -168.826 -5.95142 4.77816 0.111485 4.77686 5.25766 0.0876799 5.25693 
957 1 -168.826 -5.95142 2.18281 0.0102775 2.18279 4.05831 -0.0866396 4.05738 
957 3 -168.826 -5.95142 0 -0 0 0 -0 0 
958 0 -168.772 -6.01994 4.77816 0.110702 4.77688 5.25766 0.0868174 5.25695 
958 1 -168.772 -6.01994 2.32301 -0.0086071 2.32299 3.92781 -0.107394 3.92634 
958 2 -168.772 -6.01994 0 -0 0 0 -0 0 
958 0 -168.745 -6.05498 4.77816 0.110202 4.77689 5.25766 0.0862677 5.25696 
958 1 -168.745 -6.05498 2.32301 -0.00885001 2.32299 3.92781 -0.107805 3.92633 
958 2 -168.745 -6.05498 0 -0 0 0 -0 0 
959 0 -168.703 -6.10853 4.77816 0.109487 4.7769 5.25766 0.0854807 5.25697 
959 1 -168.703 -6.10853 2.32301 -0.00919777 2.32299 3.62567 -0.100055 3.62429 
959 2 -168.703 -6.10853 0.0876327 -0.00204325 0.0876089 1.52585 -0.0355769 1.52544 
959 0 -168.66 -6.16329 4.77816 0.108764 4.77692 5.25766 0.0846852 5.25698 
959 1 -168.66 -6.16329 2.32301 -0.00954929 2.32299 3.62567 -0.100603 3.62427 
959 2 -168.66 -6.16329 0.0876327 -0.00205651 0.0876086 1.52585 -0.0358077 1.52543 
960 0 -168.616 -6.21929 4.77816 0.108125 4.77693 5.25766 0.0839819 5.25699 
960 1 -168.616 -6.21929 2.82297 -0.00487109 2.82296 3.98158 -0.0877284 3.98061 
960 2 -168.616 -6.21929 0.351348 0.0503632 0.34772 3.03434 0.433615 3.0032 
960 0 -168.587 -6.25734 4.77816 0.107757 4.77694 5.25766 0.0835771 5.257 
960 1 -168.587 -6.25734 2.82297 -0.00508847 2.82296 3.98158 -0.0880349 3.9806 
960 2 -168.587 -6.25734 0.351348 0.0503364 0.347724 3.03434 0.433384 3.00323 
961 0 -168.557 -6.29594 4.77816 0.107434 4.77695 5.25766 0.0832214 5.25701 
961 1 -168.557 -6.29594 2.82297 -0.00527943 2.82296 3.71614 -0.0824172 3.71522 
961 2 -168.557 -6.29594 0.351348 0.0503129 0.347727 2.02289 0.288787 2.00218 
961 0 -168.464 -6.41518 4.77816 0.106512 4.77697 5.25766 0.0822069 5.25702 
961 1 -168.464 -6.41518 2.82297 -0.00582421 2.82296 3.71614 -0.0831342 3.71521 
961 2 -168.464 -6.41518 0.351348 0.0502458 0.347737 2.02289 0.288401 2.00223 
962 0 -168.432 -6.45606 4.77816 0.106133 4.77698 5.25766 0.08179 5.25703 
962 1 -168.432 -6.45606 2.82297 -0.00604812 2.82296 3.48388 -0.0782146 3.483 
962 2 -168.432 -6.45606 0.787932 0.106585 0.78069 3.32312 0.449343 3.2926 
962 0 -168.383 -6.51848 4.77816 0.105529 4.77699 5.25766 0.0811253 5.25704 
962 1 -168.383 -6.51848 2.82297 -0.00640504 2.82296 3.48388 -0.078655 3.48299 
962 2 -168.383 -6.51848 0.787932 0.106486 0.780703 3.32312 0.448927 3.29266 
963 0 -168.317 -6.60379 4.77816 0.104565 4.77701 5.25766 0.0800637 5.25706 
963 1 -168.317 -6.60379 2.82297 -0.00697511 2.82296 3.48388 -0.0793583 3.48298 
963 2 -168.317 -6.60379 0.874533 0.117481 0.866606 2.93762 0.394554 2.911 
964 0 -168.283 -6.64735 4.77816 0.104058 4.77702 5.25766 0.0795066 5.25706 
964 1 -168.283 -6.64735 2.82297 -0.00727426 2.82296 3.48388 -0.0797274 3.48297 
964 2 -168.283 -6.64735 1.03434 0.137951 1.0251 3.66103 0.484621 3.62882 
964 0 -168.283 -6.64735 4.77816 0.104058 4.77702 5.25766 0.0795066 5.25706 
964 1 -168.283 -6.64735 2.82297 -0.00727426 2.82296 3.48388 -0.0797274 3.48297 
964 2 -168.283 -6.64735 1.03434 0.137951 1.0251 3.66103 0.484621 3.62882 
965 0 -168.249 -6.69152 4.77816 0.103476 4.77704 5.25766 0.078866 5.25707 
965 1 -168.249 -6.69152 2.82297 -0.00761823 2.82296 3.48388 -0.0801518 3.48296 
965 2 -168.249 -6.69152 1.03434 0.137827 1.02511 3.13803 0.415011 3.11047 
965 0 -168.21 -6.74309 4.77816 0.102894 4.77705 5.25766 0.0782247 5.25708 
965 1 -168.21 -6.74309 2.82297 -0.00796262 2.82296 3.48388 -0.0805767 3.48295 
965 2 -168.21 -6.74309 1.03434 0.137701 1.02513 3.13803 0.414631 3.11052 
966 0 -168.122 -6.85783 4.77816 0.101519 4.77708 5.25766 0.0767124 5.25711 
966 1 -168.122 -6.85783 2.82297 -0.00877466 2.82296 3.48388 -0.0815786 3.48292 
966 2 -168.122 -6.85783 1.72368 0.0735612 1.72211 4.20454 0.226749 4.19842 
966 0 -168.067 -6.92847 4.77816 0.10061 4.7771 5.25766 0.0757113 5.25712 
966 1 -168.067 -6.92847 2.82297 -0.00931223 2.82295 3.48388 -0.0822418 3.48291 
966 2 -168.067 -6.92847 1.72368 0.0732333 1.72212 4.20454 0.22595 4.19847 
967 0 -167.992 -7.02477 2.82297 -0.00998851 2.82295 3.48388 -0.0830762 3.48289 
967 1 -167.992 -7.02477 2.04288 0.16369 2.03631 4.32761 0.36769 4.31196 
967 0 -167.955 -7.0738 2.82297 -0.0103162 2.82295 3.48388 -0.0834806 3.48288 
967 1 -167.955 -7.0738 2.04288 0.163454 2.03633 4.32761 0.36719 4.31201 
968 0 -167.877 -7.17364 2.82297 -0.0109947 2.82295 3.48388 -0.0843176 3.48286 
968 1 -167.877 -7.17364 2.12768 0.223587 2.1159 4.03924 0.43254 4.01601 
969 0 -167.838 -7.22445 2.82297 -0.0113448 2.82295 3.48388 -0.0847496 3.48285 
969 1 -167.838 -7.22445 2.83312 0.198782 2.82614 6.60083 0.291048 6.59441 
969 0 -167.798 -7.27585 2.82297 -0.0117087 2.82294 3.48388 -0.0851986 3.48284 
969 1 -167.798 -7.27585 2.83312 0.198418 2.82616 6.60083 0.290198 6.59445 
969 0 -167.758 -7.32786 2.82297 -0.0120889 2.82294 3.48388 -0.0856676 3.48283 
969 1 -167.758 -7.32786 2.83312 0.198037 2.82619 6.60083 0.28931 6.59449 
969 0 -167.697 -7.407 2.82297 -0.0126768 2.82294 3.48388 -0.086393 3.48281 
969 1 -167.697 -7.407 2.83312 0.197449 2.82623 6.60083 0.287937 6.59455 
970 0 -167.655 -7.46054 2.82297 -0.0131189 2.82294 3.48388 -0.0869383 3.48279 
970 1 -167.655 -7.46054 2.81962 0.126937 2.81676 6.03711 0.183888 6.03431 
970 0 -167.635 -7.48755 2.82297 -0.013336 2.82294 3.48388 -0.0872062 3.48279 
970 1 -167.635 -7.48755 2.81962 0.126721 2.81677 6.03711 0.183424 6.03433 
970 0 -167.592 -7.54204 2.82297 -0.0137571 2.82294 3.48388 -0.0877257 3.48277 
970 1 -167.592 -7.54204 2.81962 0.1263 2.81679 6.03711 0.182524 6.03435 
971 0 -167.55 -7.59714 2.82297 -0.0141701 2.82293 3.48388 -0.0882353 3.48276 
971 1 -167.55 -7.59714 3.38897 0.119698 3.38686 6.38453 0.158848 6.38256 
971 0 -167.528 -7.62492 2.82297 -0.0143683 2.82293 3.48388 -0.0884798 3.48276 
971 1 -167.528 -7.62492 3.38897 0.119461 3.38687 6.38453 0.1584 6.38257 
972 0 -167.507 -7.65286 2.82297 -0.0145835 2.82293 3.48388 -0.0887453 3.48275 
972 1 -167.507 -7.65286 3.7924 0.128634 3.79022 6.80435 0.167109 6.8023 
972 0 -167.463 -7.70921 2.82297 -0.0149701 2.82293 3.48388 -0.0892223 3.48274 
972 1 -167.463 -7.70921 3.7924 0.128115 3.79024 6.80435 0.166178 6.80232 
972 0 -167.42 -7.7662 2.82297 -0.015336 2.82293 3.48388 -0.0896737 3.48272 
972 1 -167.42 -7.7662 3.7924 0.127624 3.79025 6.80435 0.165296 6.80234 
973 0 -167.375 -7.82382 2.82297 -0.0157033 2.82293 3.48388 -0.0901269 3.48271 
973 1 -167.375 -7.82382 4.09813 0.0922195 4.09709 6.72675 0.110557 6.72584 
973 0 -167.33 -7.88205 2.82297 -0.0160876 2.82292 3.48388 -0.090601 3.4827 
973 1 -167.33 -7.88205 4.09813 0.0916617 4.09711 6.72675 0.109641 6.72586 
973 0 -167.308 -7.9114 2.82297 -0.0162808 2.82292 3.48388 -0.0908394 3.48269 
973 1 -167.308 -7.9114 4.09813 0.0913813 4.09711 6.72675 0.109181 6.72586 
974 0 -167.262 -7.97061 2.82297 -0.0166714 2.82292 3.48388 -0.0913212 3.48268 
974 1 -167.262 -7.97061 4.26787 0.139113 4.2656 6.5049 0.158092 6.50298 
974 0 -167.239 -8.00046 2.82297 -0.0168593 2.82292 3.48388 -0.091553 3.48268 
974 1 -167.239 -8.00046 4.26787 0.138829 4.26561 6.5049 0.157659 6.50299 
974 0 -167.169 -8.09098 2.82297 -0.0174264 2.82292 3.48388 -0.0922527 3.48266 
974 1 -167.169 -8.09098 4.26787 0.137972 4.26564 6.5049 0.156353 6.50302 
975 0 -167.122 -8.15212 2.82297 -0.0178105 2.82291 3.48388 -0.0927266 3.48264 
975 1 -167.122 -8.15212 4.67931 0.152289 4.67683 6.56025 0.162183 6.55825 
975 0 -167.099 -8.18294 2.82297 -0.0180049 2.82291 3.48388 -0.0929663 3.48264 
975 1 -167.099 -8.18294 4.67931 0.151967 4.67684 6.56025 0.161732 6.55826 
976 0 -167.051 -8.24504 2.82297 -0.018408 2.82291 3.48388 -0.0934637 3.48263 
976 1 -167.051 -8.24504 4.76126 0.211713 4.75655 6.33112 0.252066 6.3261 
976 0 -167.002 -8.30777 2.82297 -0.0187975 2.82291 3.48388 -0.0939442 3.48261 
976 1 -167.002 -8.30777 4.76126 0.211057 4.75658 6.33112 0.251193 6.32614 
976 0 -166.954 -8.37114 2.82297 -0.0191877 2.8229 3.48388 -0.0944256 3.4826 
976 1 -166.954 -8.37114 4.76126 0.210399 4.75661 6.33112 0.250318 6.32617 
977 0 -166.904 -8.43514 4.91787 0.0221683 4.91782 6.15329 0.0503275 6.15308 
977 0 -166.854 -8.49976 4.91787 0.0214621 4.91783 6.15329 0.0494438 6.15309 
977 0 -166.829 -8.5323 4.91787 0.021117 4.91783 6.15329 0.0490121 6.1531 
978 0 -166.779 -8.59786 5.27378 0.0783352 5.2732 6.51938 0.106183 6.51852 
978 2 -166.779 -8.59786 0 -0 0 0 -0 0 
978 3 -166.779 -8.59786 0 -0 0 0 -0 0 
978 0 -166.753 -8.63088 5.27378 0.0779549 5.2732 6.51938 0.105712 6.51852 
978 2 -166.753 -8.63088 0 -0 0 0 -0 0 
978 3 -166.753 -8.63088 0 -0 0 0 -0 0 
978 0 -166.676 -8.73089 5.27378 0.0768297 5.27322 6.51938 0.104322 6.51855 
978 2 -166.676 -8.73089 0 -0 0 0 -0 0 
978 3 -166.676 -8.73089 0 -0 0 0 -0 0 
979 0 -166.624 -8.79837 4.98108 0.150077 4.97882 6.25138 0.181004 6.24876 
979 1 -166.624 -8.79837 0 -0 0 0 -0 0 
979 0 -166.598 -8.83234 4.98108 0.14975 4.97883 6.25138 0.180594 6.24877 
979 1 -166.598 -8.83234 0 -0 0 0 -0 0 
979 0 -166.546 -8.90076 4.98108 0.149042 4.97885 6.25138 0.179705 6.24879 
979 1 -166.546 -8.90076 0 -0 0 0 -0 0 
980 0 -166.519 -8.9352 5.05081 0.138959 5.0489 6.32154 0.169475 6.31927 
980 1 -166.519 -8.9352 0.158114 0.130334 0.0895155 3.02234 2.49133 1.71109 
980 0 -166.466 -9.00456 5.05081 0.138281 5.04891 6.32154 0.168627 6.31929 
980 1 -166.466 -9.00456 0.158114 0.130322 0.089533 3.02234 2.4911 1.71142 
980 0 -166.412 -9.07452 5.05081 0.137642 5.04893 6.32154 0.167827 6.31931 
980 1 -166.412 -9.07452 0.158114 0.130311 0.0895495 3.02234 2.49089 1.71174 
981 0 -166.358 -9.14507 5.03592 0.0246528 5.03586 6.35458 0.0626921 6.35428 
981 1 -166.358 -9.14507 0.1 -0.0798005 0.0602651 0.920942 -0.712981 0.582917 
981 0 -166.331 -9.18057 5.03592 0.024272 5.03586 6.35458 0.0622115 6.35428 
981 1 -166.331 -9.18057 0.1 -0.079805 0.0602591 0.920942 -0.713025 0.582863 
982 0 -166.276 -9.25201 4.94993 0.0128804 4.94991 6.28161 0.0522323 6.28139 
982 1 -166.276 -9.25201 0.380789 0.091143 0.36972 3.8339 1.30201 3.60605 
982 0 -166.248 -9.28795 4.94993 0.0124893 4.94991 6.28161 0.051736 6.28139 
982 1 -166.248 -9.28795 0.380789 0.0911138 0.369727 3.8339 1.30172 3.60615 
982 0 -166.165 -9.39662 4.94993 0.0111938 4.94992 6.28161 0.0500921 6.28141 
982 1 -166.165 -9.39662 0.380789 0.091017 0.369751 3.8339 1.30078 3.60649 
983 0 -166.108 -9.46982 4.92503 -0.0313303 4.92493 6.03336 -0.0196647 6.03333 
983 1 -166.108 -9.46982 0.422371 -0.217169 0.362264 2.71117 -0.471857 2.66979 
983 0 -166.08 -9.50664 4.92503 -0.0316829 4.92493 6.03336 -0.0200967 6.03333 
983 1 -166.08 -9.50664 0.422371 -0.217195 0.362248 2.71117 -0.472048 2.66976 
983 0 -166.023 -9.58074 4.92503 -0.0323851 4.92492 6.03336 -0.0209569 6.03333 
983 1 -166.023 -9.58074 0.422371 -0.217247 0.362217 2.71117 -0.472428 2.66969 
984 0 -165.995 -9.61801 4.92503 -0.0327601 4.92492 6.03336 -0.0214163 6.03332 
984 1 -165.995 -9.61801 0.422371 -0.217274 0.362201 2.16893 -0.378105 2.13572 
984 0 -165.966 -9.65543 4.92503 -0.0331346 4.92492 6.03336 -0.021875 6.03332 
984 1 -165.966 -9.65543 0.422371 -0.217302 0.362184 2.16893 -0.378268 2.13569 
985 0 -165.851 -9.81285 4.92503 -0.0346622 4.92491 6.03336 -0.0237465 6.03332 
985 1 -165.851 -9.81285 0.422371 -0.217414 0.362117 1.80745 -0.315775 1.77965 
985 3 -165.851 -9.81285 0 -0 0 0 -0 0 
985 0 -165.733 -9.96657 4.92503 -0.035878 4.9249 6.03336 -0.0252359 6.03331 
985 1 -165.733 -9.96657 0.422371 -0.217504 0.362063 1.80745 -0.316214 1.77957 
985 3 -165.733 -9.96657 0 -0 0 0 -0 0 
986 0 -165.645 -10.0835 4.92503 -0.0366877 4.92489 6.03336 -0.0262278 6.03331 
986 1 -165.645 -10.0835 0.509034 -0.138088 0.489946 1.80338 -0.100253 1.8006 
986 2 -165.645 -10.0835 0 -0 0 0 -0 0 
987 0 -165.525 -10.2413 4.92503 -0.0377914 4.92489 6.03336 -0.02758 6.0333 
987 1 -165.525 -10.2413 0.72111 0.0409245 0.719948 2.54148 0.606867 2.46796 
987 2 -165.525 -10.2413 0 -0 0 0 -0 0 
987 0 -165.433 -10.3612 4.92503 -0.0387005 4.92488 6.03336 -0.0286937 6.03329 
987 1 -165.433 -10.3612 0.72111 0.0407916 0.719956 2.54148 0.606411 2.46807 
987 2 -165.433 -10.3612 0 -0 0 0 -0 0 
988 0 -165.341 -10.4824 4.92503 -0.0396632 4.92487 6.03336 -0.029873 6.03329 
988 1 -165.341 -10.4824 0.565685 -0.0794937 0.560072 1.94198 0.328274 1.91404 
988 2 -165.341 -10.4824 0 -0 0 0 -0 0 
989 0 -165.217 -10.6459 4.92503 -0.0411851 4.92486 6.03336 -0.0317375 6.03328 
989 1 -165.217 -10.6459 0.886002 -0.0638524 0.883698 2.74204 0.343664 2.72041 
989 2 -165.217 -10.6459 0 -0 0 0 -0 0 
989 0 -165.091 -10.8115 4.92503 -0.0428518 4.92484 6.03336 -0.0337793 6.03327 
989 1 -165.091 -10.8115 0.886002 -0.0641515 0.883677 2.74204 0.342743 2.72053 
989 2 -165.091 -10.8115 0 -0 0 0 -0 0 
990 0 -164.995 -10.9372 4.92503 -0.044125 4.92483 6.03336 -0.035339 6.03326 
990 1 -164.995 -10.9372 0.989949 -0.140002 0.98 2.64392 0.18193 2.63765 
990 2 -164.995 -10.9372 0 -0 0 0 -0 0 
990 4 -164.995 -10.9372 0 -0 0 0 -0 0 
990 0 -164.931 -11.0216 4.92503 -0.0449961 4.92483 6.03336 -0.0364062 6.03325 
990 1 -164.931 -11.0216 0.989949 -0.140175 0.979975 2.64392 0.181463 2.63768 
990 2 -164.931 -11.0216 0 -0 0 0 -0 0 
990 4 -164.931 -11.0216 0 -0 0 0 -0 0 
991 0 -164.801 -11.1921 4.92503 -0.0469684 4.92481 6.03336 -0.0388223 6.03324 
991 1 -164.801 -11.1921 0.989949 -0.140568 0.979919 2.64392 0.180407 2.63776 
991 2 -164.801 -11.1921 0 -0 0 0 -0 0 
991 3 -164.801 -11.1921 0 -0 0 0 -0 0 
991 0 -164.768 -11.235 4.92503 -0.0474885 4.9248 6.03336 -0.0394596 6.03323 
991 1 -164.768 -11.235 0.989949 -0.140671 0.979904 2.64392 0.180128 2.63777 
991 2 -164.768 -11.235 0 -0 0 0 -0 0 
991 3 -164.768 -11.235 0 -0 0 0 -0 0 
992 0 -164.669 -11.3646 4.92503 -0.0490397 4.92479 6.03336 -0.0413598 6.03322 
992 1 -164.669 -11.3646 0.989949 -0.14098 0.97986 2.64392 0.179297 2.63783 
992 2 -164.669 -11.3646 0 -0 0 0 -0 0 
992 3 -164.669 -11.3646 0.358075 -0.228743 0.275489 6.34964 -4.05624 4.88517 
992 0 -164.57 -11.4955 4.92503 -0.0505016 4.92477 6.03336 -0.0431508 6.03321 
992 1 -164.57 -11.4955 0.989949 -0.141271 0.979818 2.64392 0.178514 2.63788 
992 2 -164.57 -11.4955 0 -0 0 0 -0 0 
992 3 -164.57 -11.4955 0.358075 -0.228825 0.275421 6.34964 -4.05769 4.88397 
993 0 -164.435 -11.672 4.92503 -0.052312 4.92475 6.03336 -0.0453687 6.03319 
993 1 -164.435 -11.672 0.989949 -0.141631 0.979766 2.64392 0.177544 2.63795 
993 2 -164.435 -11.672 0.0850718 -0.027288 0.0805765 0.201037 -0.0644858 0.190414 
993 3 -164.435 -11.672 0.358075 -0.228926 0.275337 3.17482 -2.02974 2.44124 
993 0 -164.435 -11.672 4.92503 -0.052312 4.92475 6.03336 -0.0453687 6.03319 
993 1 -164.435 -11.672 0.989949 -0.141631 0.979766 2.64392 0.177544 2.63795 
993 2 -164.435 -11.672 0.0850718 -0.027288 0.0805765 0.201037 -0.0644858 0.190414 
993 3 -164.435 -11.672 0.358075 -0.228926 0.275337 3.17482 -2.02974 2.44124 
994 0 -164.333 -11.8059 4.92503 -0.0536208 4.92474 6.03336 -0.0469721 6.03318 
994 1 -164.333 -11.8059 0.989949 -0.141891 0.979728 2.64392 0.176843 2.638 
994 2 -164.333 -11.8059 0.225605 -0.0475796 0.22053 0.473074 -0.0993282 0.462528 
994 3 -164.333 -11.8059 0.358075 -0.229 0.275276 2.11655 -1.35359 1.62713 
994 0 -164.161 -12.032 4.92503 -0.0556908 4.92472 6.03336 -0.049508 6.03316 
994 1 -164.161 -12.032 0.989949 -0.142303 0.979668 2.64392 0.175735 2.63807 
994 2 -164.161 -12.032 0.225605 -0.0476723 0.22051 0.473074 -0.0995226 0.462487 
994 3 -164.161 -12.032 0.358075 -0.229115 0.27518 2.11655 -1.35428 1.62656 
995 0 -164.092 -12.1234 4.92503 -0.0563903 4.92471 6.03336 -0.0503649 6.03315 
995 1 -164.092 -12.1234 0.989949 -0.142442 0.979648 2.64392 0.17536 2.6381 
995 2 -164.092 -12.1234 0.225605 -0.0477036 0.220504 0.473074 -0.0995883 0.462473 
995 3 -164.092 -12.1234 0.358075 -0.229154 0.275148 1.58741 -1.01588 1.21978 
995 5 -164.092 -12.1234 0 -0 0 0 -0 0 
996 0 -163.952 -12.308 4.92503 -0.0576058 4.92469 6.03336 -0.051854 6.03314 
996 1 -163.952 -12.308 0.989949 -0.142684 0.979613 2.64392 0.174709 2.63814 
996 2 -163.952 -12.308 0.225605 -0.0477581 0.220492 0.473074 -0.0997024 0.462448 
996 3 -163.952 -12.308 0.358075 -0.229222 0.275091 1.26993 -0.812946 0.975621 
996 4 -163.952 -12.308 0 -0 0 0 -0 0 
996 0 -163.917 -12.3545 4.92503 -0.0579301 4.92469 6.03336 -0.0522513 6.03314 
996 1 -163.917 -12.3545 0.989949 -0.142748 0.979603 2.64392 0.174535 2.63815 
996 2 -163.917 -12.3545 0.225605 -0.0477726 0.220489 0.473074 -0.0997328 0.462441 
996 3 -163.917 -12.3545 0.358075 -0.22924 0.275076 1.26993 -0.81301 0.975568 
996 4 -163.917 -12.3545 0 -0 0 0 -0 0 
997 0 -163.775 -12.5417 4.92503 -0.0592207 4.92467 6.03336 -0.0538324 6.03312 
997 1 -163.775 -12.5417 0.989949 -0.143005 0.979566 2.64392 0.173844 2.6382 
997 2 -163.775 -12.5417 0.225605 -0.0478304 0.220476 0.473074 -0.099854 0.462415 
997 3 -163.775 -12.5417 0.358075 -0.229312 0.275016 1.05827 -0.677722 0.812796 
997 4 -163.775 -12.5417 0.119709 -0.00438618 0.119628 2.04323 -0.0748649 2.04185 
997 0 -163.704 -12.6362 4.92503 -0.0598959 4.92467 6.03336 -0.0546596 6.03311 
997 1 -163.704 -12.6362 0.989949 -0.14314 0.979546 2.64392 0.173482 2.63822 
997 2 -163.704 -12.6362 0.225605 -0.0478606 0.22047 0.473074 -0.0999174 0.462402 
997 3 -163.704 -12.6362 0.358075 -0.22935 0.274984 1.05827 -0.677833 0.812703 
997 4 -163.704 -12.6362 0.119709 -0.00440258 0.119628 2.04323 -0.0751448 2.04184 
998 0 -163.524 -12.8747 4.92503 -0.061394 4.92465 6.03336 -0.0564949 6.0331 
998 1 -163.524 -12.8747 0.989949 -0.143437 0.979503 2.64392 0.172679 2.63827 
998 2 -163.524 -12.8747 0.225605 -0.0479277 0.220455 0.473074 -0.100058 0.462371 
998 3 -163.524 -12.8747 0.412311 -0.261121 0.319086 1.03454 -0.655676 0.800226 
998 4 -163.524 -12.8747 0.411439 0.0112366 0.411286 3.42099 0.0910467 3.41978 
998 0 -163.452 -12.9709 4.92503 -0.0619875 4.92464 6.03336 -0.0572219 6.03309 
998 1 -163.452 -12.9709 0.989949 -0.143556 0.979486 2.64392 0.172361 2.63829 
998 2 -163.452 -12.9709 0.225605 -0.0479542 0.220449 0.473074 -0.100114 0.462359 
998 3 -163.452 -12.9709 0.412311 -0.26116 0.319054 1.03454 -0.655772 0.800147 
998 4 -163.452 -12.9709 0.411439 0.011187 0.411287 3.42099 0.0906346 3.41979 
999 0 -163.343 -13.1162 4.92503 -0.0632202 4.92463 6.03336 -0.0587321 6.03308 
999 1 -163.343 -13.1162 0.989949 -0.143801 0.97945 2.64392 0.171701 2.63834 
999 2 -163.343 -13.1162 0.225605 -0.0480094 0.220437 0.473074 -0.10023 0.462334 
999 3 -163.343 -13.1162 0.67082 -0.302325 0.598832 1.48725 -0.666413 1.32959 
999 4 -163.343 -13.1162 0.291548 -0.111047 0.269571 1.58006 -0.672886 1.42962 
999 0 -163.232 -13.2625 4.92503 -0.06467 4.92461 6.03336 -0.0605083 6.03306 
999 1 -163.232 -13.2625 0.989949 -0.144089 0.979407 2.64392 0.170924 2.63839 
999 2 -163.232 -13.2625 0.225605 -0.0480743 0.220423 0.473074 -0.100366 0.462304 
999 3 -163.232 -13.2625 0.67082 -0.302502 0.598743 1.48725 -0.666805 1.3294 
999 4 -163.232 -13.2625 0.291548 -0.111126 0.269539 1.58006 -0.673307 1.42942 
1000 0 -163.121 -13.4098 0.225605 -0.0481413 0.220408 0.473074 -0.100506 0.462274 
1000 1 -163.121 -13.4098 0.67082 -0.302684 0.598651 1.322 -0.593074 1.18151 
1000 2 -163.121 -13.4098 0.394749 0.0556674 0.390805 1.5995 0.202765 1.5866 
1000 0 -163.01 -13.5582 0.225605 -0.0482011 0.220395 0.473074 -0.100632 0.462247 
1000 1 -163.01 -13.5582 0.67082 -0.302846 0.598568 1.322 -0.593395 1.18134 
1000 2 -163.01 -13.5582 0.394749 0.0555613 0.39082 1.5995 0.202334 1.58665 
1001 0 -162.897 -13.7075 0.67082 -0.303017 0.598482 1.322 -0.593732 1.18117 
1001 1 -162.897 -13.7075 0.710634 -0.173472 0.689135 2.3639 -0.615817 2.28227 
1002 0 -162.784 -13.8579 0.67082 -0.303192 0.598393 1.322 -0.594079 1.181 
1002 1 -162.784 -13.8579 0.919239 -0.134846 0.909294 3.35569 -0.259147 3.34567 
1002 0 -162.67 -14.0091 0.67082 -0.303354 0.598311 1.322 -0.594397 1.18084 
1002 1 -162.67 -14.0091 0.919239 -0.135091 0.909258 3.35569 -0.260048 3.3456 
1003 0 -162.632 -14.0597 0.67082 -0.303397 0.598289 1.322 -0.594483 1.1808 
1003 1 -162.632 -14.0597 1.27279 -0.187141 1.25896 3.80027 -0.359211 3.78325 
1003 0 -162.632 -14.0597 0.67082 -0.303397 0.598289 1.322 -0.594483 1.1808 
1003 1 -162.632 -14.0597 1.27279 -0.187141 1.25896 3.80027 -0.359211 3.78325 
1004 0 -162.478 -14.2664 0.67082 -0.303575 0.598199 1.322 -0.594833 1.18062 
1004 1 -162.478 -14.2664 1.52954 -0.112956 1.52536 3.88943 -0.154082 3.88638 
1004 0 -162.362 -14.4197 0.67082 -0.30374 0.598115 1.322 -0.59516 1.18046 
1004 1 -162.362 -14.4197 1.52954 -0.113378 1.52533 3.88943 -0.155158 3.88634 
1005 0 -162.208 -14.6252 0.67082 -0.303959 0.598004 1.322 -0.595591 1.18024 
1005 1 -162.208 -14.6252 1.80483 -0.119417 1.80088 3.96939 -0.149366 3.96658 
1005 0 -162.091 -14.7802 0.67082 -0.30411 0.597927 1.322 -0.595891 1.18009 
1005 1 -162.091 -14.7802 1.80483 -0.119874 1.80085 3.96939 -0.150372 3.96654 
1006 0 -161.974 -14.9359 0.67082 -0.30426 0.597851 1.322 -0.596186 1.17994 
1006 1 -161.974 -14.9359 1.91652 -0.107561 1.91349 3.76397 -0.114438 3.76223 
1007 0 -161.857 -15.0925 0.67082 -0.304444 0.597757 1.322 -0.59655 1.17975 
1007 1 -161.857 -15.0925 2.40832 -0.217805 2.39845 5.11372 -0.482826 5.09088 
1007 0 -161.778 -15.1973 0.67082 -0.304577 0.59769 1.322 -0.596812 1.17962 
1007 1 -161.778 -15.1973 2.40832 -0.218337 2.3984 5.11372 -0.483957 5.09077 
1008 0 -161.62 -15.408 2.61281 -0.214581 2.60398 4.99802 -0.438318 4.97876 
1008 0 -161.461 -15.6201 2.61281 -0.215587 2.6039 4.99802 -0.440241 4.97859 
1009 0 -161.342 -15.7803 2.69092 -0.0473334 2.6905 4.7106 -0.190848 4.70674 
1009 0 -161.262 -15.8876 2.69092 -0.0478745 2.69049 4.7106 -0.191794 4.7067 
1010 0 -161.101 -16.1033 2.83196 -0.286076 2.81747 4.54693 -0.464768 4.52312 
1011 0 -161.06 -16.1575 3.21014 -0.0599119 3.20958 5.46309 0.278514 5.45599 
1011 0 -160.979 -16.2661 3.21014 -0.0603613 3.20957 5.46309 0.27775 5.45603 
1012 0 -160.817 -16.4846 3.2596 -0.281675 3.24741 5.15716 0.0141227 5.15714 
1012 2 -160.817 -16.4846 0 -0 0 0 -0 0 
1012 0 -160.653 -16.7044 3.2596 -0.282307 3.24735 5.15716 0.0131196 5.15715 
1012 2 -160.653 -16.7044 0 -0 0 0 -0 0 
1013 0 -160.571 -16.8149 3.46554 -0.59417 3.41423 5.02083 -0.284794 5.01275 
1013 1 -160.571 -16.8149 0 -0 0 0 -0 0 
1013 0 -160.488 -16.9257 3.46554 -0.594386 3.41419 5.02083 -0.285111 5.01273 
1013 1 -160.488 -16.9257 0 -0 0 0 -0 0 
1014 0 -160.322 -17.1483 3.46482 -0.525202 3.42479 4.74892 -0.20228 4.74461 
1014 1 -160.322 -17.1483 0.141421 -0.0214368 0.139787 2.47573 -0.375275 2.44713 
1014 0 -160.239 -17.2601 3.46482 -0.525498 3.42474 4.74892 -0.20269 4.74459 
1014 1 -160.239 -17.2601 0.141421 -0.0214489 0.139785 2.47573 -0.375486 2.44709 
1015 0 -160.113 -17.4285 3.81838 -0.579465 3.77415 4.8042 -0.239014 4.79825 
1015 1 -160.113 -17.4285 0.353553 -0.0536541 0.349458 2.98747 -0.453368 2.95287 
1015 0 -159.945 -17.6542 3.81838 -0.580058 3.77406 4.8042 -0.239768 4.79822 
1015 1 -159.945 -17.6542 0.353553 -0.0537091 0.34945 2.98747 -0.453833 2.95279 
1016 0 -159.818 -17.8244 3.81838 -0.580647 3.77397 4.8042 -0.240517 4.79818 
1016 1 -159.818 -17.8244 0.424264 -0.0645164 0.41933 2.41615 -0.367416 2.38805 
1017 0 -159.691 -17.9954 3.81838 -0.580918 3.77393 4.8042 -0.240861 4.79816 
1017 1 -159.691 -17.9954 0.494975 -0.0753041 0.489213 2.53321 -0.385396 2.50372 
1017 0 -159.564 -18.1671 3.81838 -0.581082 3.7739 4.8042 -0.24107 4.79815 
1017 1 -159.564 -18.1671 0.494975 -0.0753254 0.48921 2.53321 -0.385505 2.5037 
1018 0 -159.435 -18.3395 3.81838 -0.58131 3.77387 4.8042 -0.24136 4.79814 
1018 1 -159.435 -18.3395 0.781025 -0.0485285 0.779516 3.02055 -0.215201 3.01288 
1018 0 -159.393 -18.3971 3.81838 -0.58138 3.77386 4.8042 -0.241448 4.79813 
1018 1 -159.393 -18.3971 0.781025 -0.0485429 0.779515 3.02055 -0.215256 3.01288 
1019 0 -159.221 -18.6283 3.81838 -0.581548 3.77383 4.8042 -0.241663 4.79812 
1019 1 -159.221 -18.6283 0.921954 -0.0701166 0.919284 2.91362 -0.240052 2.90371 
1019 0 -159.092 -18.8025 3.81838 -0.581529 3.77383 4.8042 -0.241639 4.79812 
1019 1 -159.092 -18.8025 0.921954 -0.070112 0.919285 2.91362 -0.240038 2.90371 
1020 0 -158.962 -18.9773 3.81838 -0.58161 3.77382 4.8042 -0.241742 4.79812 
1020 1 -158.962 -18.9773 1.13358 -0.102443 1.12894 2.99028 -0.281032 2.97704 
1020 0 -158.788 -19.2112 3.81838 -0.581955 3.77377 4.8042 -0.242179 4.79809 
1020 1 -158.788 -19.2112 1.13358 -0.102546 1.12893 2.99028 -0.281304 2.97702 
1021 0 -158.657 -19.3873 3.81838 -0.582097 3.77375 4.8042 -0.242361 4.79809 
1021 1 -158.657 -19.3873 1.48167 -0.250504 1.46034 3.28983 -0.532576 3.24643 
1021 0 -158.569 -19.505 3.81838 -0.58218 3.77373 4.8042 -0.242466 4.79808 
1021 1 -158.569 -19.505 1.48167 -0.250536 1.46033 3.28983 -0.532647 3.24642 
1022 0 -158.525 -19.564 3.81838 -0.582273 3.77372 4.8042 -0.242584 4.79807 
1022 1 -158.525 -19.564 1.83984 -0.21047 1.82776 3.63198 -0.39443 3.6105 
1023 0 -158.437 -19.6821 3.81838 -0.582538 3.77368 4.8042 -0.242921 4.79806 
1023 1 -158.437 -19.6821 2.05183 -0.242961 2.03739 4.06977 -0.477511 4.04166 
1023 0 -158.308 -19.8621 3.81838 -0.583321 3.77356 4.8042 -0.243916 4.79801 
1023 1 -158.308 -19.8621 2.05183 -0.243384 2.03734 4.06977 -0.47835 4.04156 
1024 0 -158.176 -20.0404 3.81838 -0.583487 3.77353 4.8042 -0.244128 4.798 
1024 1 -158.176 -20.0404 2.05548 -0.173594 2.04814 3.7058 -0.319296 3.69202 
1024 0 -157.998 -20.2791 3.81838 -0.58355 3.77352 4.8042 -0.244208 4.79799 
1024 1 -157.998 -20.2791 2.05548 -0.173628 2.04813 3.7058 -0.319358 3.69201 
1025 0 -157.865 -20.4589 3.81838 -0.583682 3.7735 4.8042 -0.244376 4.79798 
1025 1 -157.865 -20.4589 2.63217 -0.357077 2.60784 4.24163 -0.561505 4.2043 
1025 3 -157.865 -20.4589 0 -0 0 0 -0 0 
1025 0 -157.775 -20.579 3.81838 -0.583729 3.77349 4.8042 -0.244436 4.79798 
1025 1 -157.775 -20.579 2.63217 -0.357109 2.60784 4.24163 -0.561557 4.20429 
1025 3 -157.775 -20.579 0 -0 0 0 -0 0 
1026 0 -157.641 -20.7596 3.81838 -0.583646 3.77351 4.8042 -0.24433 4.79799 
1026 1 -157.641 -20.7596 2.63217 -0.357051 2.60784 3.91535 -0.518274 3.88089 
1026 2 -157.641 -20.7596 0 -0 0 0 -0 0 
1026 0 -157.507 -20.9408 3.81838 -0.583709 3.7735 4.8042 -0.24441 4.79798 
1026 1 -157.507 -20.9408 2.63217 -0.357095 2.60784 3.91535 -0.51834 3.88088 
1026 2 -157.507 -20.9408 0 -0 0 0 -0 0 
1027 0 -157.282 -21.2438 3.81838 -0.583986 3.77345 4.8042 -0.244762 4.79796 
1027 1 -157.282 -21.2438 2.84926 -0.33317 2.82971 3.89728 -0.452532 3.87092 
1027 0 -157.192 -21.3653 3.81838 -0.583974 3.77346 4.8042 -0.244747 4.79796 
1027 1 -157.192 -21.3653 2.84926 -0.333161 2.82971 3.89728 -0.45252 3.87092 
1028 0 -157.101 -21.4871 3.81838 -0.584038 3.77345 4.8042 -0.244828 4.79796 
1028 1 -157.101 -21.4871 2.84926 -0.333209 2.8297 3.63746 -0.422413 3.61285 
1028 3 -157.101 -21.4871 0 -0 0 0 -0 0 
1028 0 -156.966 -21.6701 3.81838 -0.584259 3.77341 4.8042 -0.24511 4.79795 
1028 1 -156.966 -21.6701 2.84926 -0.333375 2.82968 3.63746 -0.422625 3.61283 
1028 3 -156.966 -21.6701 0 -0 0 0 -0 0 
1029 0 -156.784 -21.9146 3.81838 -0.584334 3.7734 4.8042 -0.245204 4.79794 
1029 1 -156.784 -21.9146 2.98256 -0.318684 2.96548 3.55665 -0.380069 3.53629 
1029 2 -156.784 -21.9146 0 -0 0 0 -0 0 
1029 0 -156.739 -21.9758 3.81838 -0.584278 3.77341 4.8042 -0.245134 4.79795 
1029 1 -156.739 -21.9758 2.98256 -0.318641 2.96549 3.55665 -0.380017 3.53629 
1029 2 -156.739 -21.9758 0 -0 0 0 -0 0 
1030 0 -156.557 -22.221 3.81838 -0.584081 3.77344 4.8042 -0.244883 4.79796 
1030 1 -156.557 -22.221 3.06722 -0.309131 3.0516 3.44034 -0.347223 3.42277 
1030 2 -156.557 -22.221 0.106488 0.0295258 0.102313 1.98661 0.550824 1.90872 
1030 0 -156.466 -22.3437 3.81838 -0.584104 3.77344 4.8042 -0.244912 4.79796 
1030 1 -156.466 -22.3437 3.06722 -0.30915 3.0516 3.44034 -0.347244 3.42277 
1030 2 -156.466 -22.3437 0.106488 0.0295252 0.102313 1.98661 0.550813 1.90872 
1031 0 -156.329 -22.528 3.81838 -0.584056 3.77344 4.8042 -0.244851 4.79796 
1031 1 -156.329 -22.528 3.17471 -0.297249 3.16077 3.35656 -0.316064 3.34165 
1031 2 -156.329 -22.528 0.366821 -0.0713559 0.359814 3.32935 -0.631373 3.26893 
1031 0 -156.238 -22.651 3.81838 -0.583942 3.77346 4.8042 -0.244707 4.79797 
1031 1 -156.238 -22.651 3.17471 -0.297154 3.16078 3.35656 -0.315964 3.34166 
1031 2 -156.238 -22.651 0.366821 -0.0713451 0.359816 3.32935 -0.631275 3.26895 
1032 0 -156.055 -22.8972 3.3061 -0.268984 3.29514 3.30581 -0.27233 3.29457 
1032 1 -156.055 -22.8972 0.452373 -0.0245268 0.451707 2.74054 -0.136638 2.73713 
1032 0 -155.964 -23.0204 3.3061 -0.269079 3.29513 3.30581 -0.272424 3.29456 
1032 1 -155.964 -23.0204 0.452373 -0.0245398 0.451707 2.74054 -0.136717 2.73713 
1033 0 -155.826 -23.2053 3.19139 -0.244625 3.18201 3.20116 -0.249782 3.1914 
1033 1 -155.826 -23.2053 0.602745 0.0236983 0.602279 2.74312 0.117792 2.74059 
1033 0 -155.689 -23.3903 3.19139 -0.244576 3.18201 3.20116 -0.249734 3.19141 
1033 1 -155.689 -23.3903 0.602745 0.0237075 0.602278 2.74312 0.117834 2.74059 
1034 0 -155.551 -23.5755 3.19139 -0.244667 3.182 3.20116 -0.249825 3.1914 
1034 1 -155.551 -23.5755 0.742039 0.00205779 0.742036 2.66422 0.0211984 2.66413 
1034 0 -155.414 -23.7608 3.19139 -0.244766 3.18199 3.20116 -0.249924 3.19139 
1034 1 -155.414 -23.7608 0.742039 0.00203474 0.742036 2.66422 0.0211157 2.66413 
1035 0 -155.276 -23.9462 3.19139 -0.244731 3.182 3.20116 -0.249889 3.19139 
1035 1 -155.276 -23.9462 0.754444 -0.0285532 0.753904 2.25394 -0.0670369 2.25295 
1035 0 -155.138 -24.1317 3.19139 -0.244719 3.182 3.20116 -0.249877 3.19139 
1035 1 -155.138 -24.1317 0.754444 -0.0285503 0.753904 2.25394 -0.0670282 2.25295 
1036 0 -154.955 -24.3791 3.19139 -0.244669 3.182 3.20116 -0.249827 3.1914 
1036 1 -154.955 -24.3791 1.02238 -0.0412082 1.02155 2.51459 -0.0849754 2.51315 
1037 0 -154.863 -24.5029 3.19139 -0.244616 3.18201 3.20116 -0.249774 3.1914 
1037 1 -154.863 -24.5029 1.18587 -0.0887888 1.18254 3.00788 -0.308769 2.99199 
1037 0 -154.817 -24.5648 3.19139 -0.244566 3.18201 3.20116 -0.249724 3.19141 
1037 1 -154.817 -24.5648 1.18587 -0.0887702 1.18254 3.00788 -0.308722 2.992 
1038 0 -154.587 -24.8743 3.19139 -0.24443 3.18202 3.20116 -0.249587 3.19142 
1038 1 -154.587 -24.8743 1.54105 -0.0498263 1.54024 3.38977 -0.195523 3.38413 
1038 0 -154.45 -25.06 3.19139 -0.244251 3.18203 3.20116 -0.249408 3.19143 
1038 1 -154.45 -25.06 1.54105 -0.0497399 1.54025 3.38977 -0.195333 3.38414 
1039 0 -154.312 -25.2456 3.19139 -0.243989 3.18205 3.20116 -0.249145 3.19145 
1039 1 -154.312 -25.2456 1.81487 -0.0431126 1.81436 3.5047 -0.164757 3.50082 
1039 0 -154.174 -25.4314 3.19139 -0.243449 3.1821 3.20116 -0.248603 3.19149 
1039 1 -154.174 -25.4314 1.81487 -0.0428043 1.81437 3.5047 -0.164162 3.50085 
1040 0 -154.037 -25.6171 3.19139 -0.242613 3.18216 3.20116 -0.247765 3.19156 
1040 1 -154.037 -25.6171 2.24199 -0.0140018 2.24194 3.80653 -0.107169 3.80502 
1040 0 -153.991 -25.6789 3.19139 -0.242308 3.18218 3.20116 -0.247459 3.19158 
1040 1 -153.991 -25.6789 2.24199 -0.0137868 2.24194 3.80653 -0.106804 3.80503 
1041 0 -153.853 -25.8645 3.19139 -0.241174 3.18227 3.20116 -0.246322 3.19167 
1041 1 -153.853 -25.8645 2.31196 -0.0237278 2.31184 3.58482 -0.111278 3.5831 
1041 0 -153.72 -26.0499 3.19139 -0.240119 3.18235 3.20116 -0.245263 3.19175 
1041 1 -153.72 -26.0499 2.31196 -0.022961 2.31185 3.58482 -0.110089 3.58313 
1042 0 -153.583 -26.2353 3.19139 -0.238666 3.18246 3.20116 -0.243806 3.19186 
1042 1 -153.583 -26.2353 2.60214 0.00525504 2.60214 3.6706 -0.0661978 3.67 
1043 0 -153.399 -26.4822 3.19139 -0.23673 3.1826 3.20116 -0.241865 3.19201 
1043 1 -153.399 -26.4822 3.09221 -0.067656 3.09147 4.64183 -0.246249 4.63529 
1043 0 -153.307 -26.6056 3.19139 -0.235743 3.18268 3.20116 -0.240875 3.19209 
1043 1 -153.307 -26.6056 3.09221 -0.0666974 3.09149 4.64183 -0.244811 4.63537 
1044 0 -153.124 -26.852 3.19139 -0.234053 3.1828 3.20116 -0.239179 3.19221 
1044 1 -153.124 -26.852 3.00399 -0.148939 3.0003 4.22805 -0.328429 4.21528 
1044 0 -153.032 -26.9751 3.19139 -0.233216 3.18286 3.20116 -0.23834 3.19228 
1044 1 -153.032 -26.9751 3.00399 -0.14815 3.00034 4.22805 -0.32732 4.21536 
1045 0 -152.894 -27.1596 3.19139 -0.231958 3.18295 3.20116 -0.237079 3.19237 
1045 1 -152.894 -27.1596 3.51786 -0.0887732 3.51674 4.53589 -0.240218 4.52953 
1045 0 -152.71 -27.4052 3.19139 -0.230462 3.18306 3.20116 -0.235577 3.19248 
1045 1 -152.71 -27.4052 3.51786 -0.0871197 3.51678 4.53589 -0.238088 4.52964 
1046 0 -152.572 -27.5892 3.19139 -0.229266 3.18315 3.20116 -0.234378 3.19257 
1046 1 -152.572 -27.5892 3.75082 -0.119635 3.74891 4.5071 -0.256959 4.49977 
1046 0 -152.434 -27.7731 3.19139 -0.228008 3.18324 3.20116 -0.233117 3.19266 
1046 1 -152.434 -27.7731 3.75082 -0.118154 3.74896 4.5071 -0.255181 4.49987 
1047 0 -152.296 -27.9568 3.19139 -0.226773 3.18333 3.20116 -0.231878 3.19275 
1047 1 -152.296 -27.9568 3.91781 -0.134502 3.9155 4.41977 -0.256713 4.41231 
1047 0 -152.159 -28.1403 3.19139 -0.22548 3.18342 3.20116 -0.230581 3.19285 
1047 1 -152.159 -28.1403 3.91781 -0.132911 3.91556 4.41977 -0.254921 4.41241 
1048 0 -152.113 -28.2014 3.19139 -0.22504 3.18345 3.20116 -0.23014 3.19288 
1048 1 -152.113 -28.2014 4.11356 -0.119694 4.11182 4.36729 -0.229232 4.36127 
1048 0 -151.93 -28.4456 3.19139 -0.223236 3.18358 3.20116 -0.22833 3.19301 
1048 1 -151.93 -28.4456 4.11356 -0.117363 4.11189 4.36729 -0.226759 4.3614 
1049 0 -151.746 -28.6892 3.19139 -0.221542 3.1837 3.20116 -0.226631 3.19313 
1049 1 -151.746 -28.6892 4.29246 -0.112829 4.29098 4.52335 -0.2244 4.51778 
1049 0 -151.701 -28.7501 3.19139 -0.221119 3.18373 3.20116 -0.226207 3.19316 
1049 1 -151.701 -28.7501 4.29246 -0.11226 4.291 4.52335 -0.2238 4.51781 
1050 0 -151.609 -28.8716 4.18176 0.0050667 4.18175 4.41117 -0.11323 4.40971 
1051 0 -151.426 -29.1143 4.27142 -0.125246 4.26958 4.70332 -0.331276 4.69164 
1051 0 -151.289 -29.2959 4.27142 -0.123824 4.26962 4.70332 -0.329714 4.69175 
1052 0 -151.153 -29.4772 4.35634 -0.17299 4.35291 4.78377 -0.376805 4.76891 
1052 0 -150.97 -29.7183 4.35634 -0.171614 4.35296 4.78377 -0.375298 4.76903 
1053 0 -150.879 -29.8386 4.48219 -0.151102 4.47964 4.89165 -0.356944 4.87861 
1053 0 -150.743 -30.0188 4.48219 -0.15013 4.47967 4.89165 -0.355886 4.87869 
1054 0 -150.607 -30.1986 4.82861 -0.0997296 4.82758 5.21112 -0.310678 5.20185 
1054 0 -150.471 -30.3781 4.82861 -0.099296 4.82758 5.21112 -0.310211 5.20188 
1055 0 -150.335 -30.5572 4.92037 -0.0695808 4.91987 5.31073 -0.284846 5.30308 
1055 0 -150.244 -30.6764 4.92037 -0.0694353 4.91988 5.31073 -0.284689 5.30309 
1056 0 -150.064 -30.9144 4.76879 0.0466475 4.76857 4.97906 -0.125486 4.97748 
1057 0 -149.974 -31.0332 4.91126 0.00326307 4.91126 5.72724 -0.16829 5.72477 
1057 0 -149.884 -31.1519 4.91126 0.00314724 4.91126 5.72724 -0.168425 5.72477 
1058 0 -149.66 -31.4481 4.70723 -0.0162926 4.7072 5.55031 -0.18558 5.54721 
1058 0 -149.571 -31.5662 4.70723 -0.0164884 4.7072 5.55031 -0.18581 5.5472 
1059 0 -149.437 -31.7433 4.74861 -0.270947 4.74087 5.61508 -0.412135 5.59994 
1059 0 -149.437 -31.7433 4.74861 -0.270947 4.74087 5.61508 -0.412135 5.59994 
1060 0 -149.303 -31.9201 4.78017 -0.050492 4.7799 5.6448 -0.208294 5.64096 
1060 0 -149.173 -32.0912 4.78017 -0.051125 4.77989 5.6448 -0.209041 5.64093 
1061 0 -149.04 -32.2672 4.88545 -0.23296 4.87989 5.73718 -0.36436 5.7256 
1062 0 -148.863 -32.5013 4.65027 0.0373568 4.65012 5.3363 0.161305 5.33387 
1062 0 -148.775 -32.6181 4.65027 0.0367653 4.65012 5.3363 0.160627 5.33389 
1063 0 -148.598 -32.8513 4.74244 0.119747 4.74093 5.42661 0.240217 5.42129 
1063 0 -148.511 -32.9676 4.74244 0.119088 4.74094 5.42661 0.239464 5.42133 
1064 0 -148.291 -33.2579 4.59735 -0.138685 4.59526 5.25625 0.011224 5.25624 
1064 0 -148.16 -33.4316 4.59735 -0.139361 4.59524 5.25625 0.0104508 5.25624 
1065 0 -148.073 -33.5473 4.45981 -0.0955362 4.45879 5.12665 0.0496591 5.12641 
1066 0 -147.856 -33.8358 4.85804 -0.012818 4.85803 6.04131 0.189194 6.03834 
1066 0 -147.769 -33.9509 4.85804 -0.0130744 4.85803 6.04131 0.188875 6.03835 
1067 0 -147.639 -34.1233 4.75958 -0.00184271 4.75958 5.94943 0.198653 5.94611 
1067 0 -147.51 -34.2953 4.75958 -0.0024719 4.75958 5.94943 0.197867 5.94614 
1068 0 -147.38 -34.4669 4.54786 -0.0781344 4.54719 5.75259 0.129368 5.75113 
1068 0 -147.294 -34.5811 4.54786 -0.0786588 4.54718 5.75259 0.128705 5.75115 
1069 0 -147.166 -34.7521 4.55583 -0.0651238 4.55537 5.75871 0.140426 5.757 
1069 0 -147.037 -34.9227 4.55583 -0.0659617 4.55535 5.75871 0.139367 5.75703 
1070 0 -146.909 -35.093 4.6719 0.0424011 4.67171 5.65615 0.334581 5.64624 
1070 0 -146.781 -35.2628 4.6719 0.0416064 4.67172 5.65615 0.33362 5.6463 
1071 0 -146.611 -35.4888 5.04676 -0.067479 5.04631 5.97414 0.235635 5.96949 
1072 0 -146.484 -35.6578 5.04135 -0.102052 5.04032 6.26641 0.164574 6.26425 
1072 0 -146.4 -35.7703 5.04135 -0.102397 5.04031 6.26641 0.164145 6.26426 
1073 0 -146.231 -35.9949 5.08035 0.0301985 5.08026 6.27988 0.276337 6.2738 
1073 0 -146.147 -36.1069 5.08035 0.0297882 5.08027 6.27988 0.27583 6.27382 
1074 0 -146.021 -36.2747 4.79009 0.000930193 4.79009 6.024 0.250396 6.01879 
1075 0 -145.895 -36.4421 4.86004 -0.0101829 4.86003 6.17219 0.30105 6.16485 
1075 0 -145.812 -36.5534 4.86004 -0.0107488 4.86003 6.17219 0.300332 6.16488 
1076 0 -145.645 -36.7757 4.57001 -0.0399164 4.56984 5.27269 0.277621 5.26538 
1076 0 -145.562 -36.8865 4.57001 -0.0402844 4.56983 5.27269 0.277197 5.2654 
1077 0 -145.396 -37.1078 4.81104 -0.248839 4.8046 5.46632 0.0980255 5.46544 
1077 0 -145.272 -37.2734 4.81104 -0.249379 4.80457 5.46632 0.0974109 5.46545 
1078 0 -145.149 -37.4386 4.4077 -0.0185993 4.40766 5.1152 0.303552 5.10619 
1079 0 -145.066 -37.5485 4.77127 -0.143481 4.76911 5.72922 0.238757 5.72424 
1079 0 -144.948 -37.7064 4.77127 -0.143585 4.76911 5.72922 0.238632 5.72424 
1080 0 -144.825 -37.8706 4.51959 -0.0111821 4.51958 5.52198 0.35156 5.51078 
1081 0 -144.662 -38.0889 4.34166 -0.150643 4.33904 5.13929 0.0647475 5.13888 
1081 0 -144.58 -38.1978 4.34166 -0.150541 4.33905 5.13929 0.0648686 5.13888 
1082 0 -144.458 -38.3608 4.5734 -0.165939 4.57039 5.34631 0.05112 5.34606 
1082 0 -144.296 -38.5776 4.5734 -0.165701 4.57039 5.34631 0.0513984 5.34606 
1083 0 -144.134 -38.7938 4.60925 0.0234382 4.60919 5.36984 0.215761 5.3655 
1083 0 -144.054 -38.9016 4.60925 0.0238263 4.60919 5.36984 0.216213 5.36549 
1084 0 -143.933 -39.0632 4.51341 0.0136379 4.51339 5.28765 0.207725 5.28357 
1085 0 -143.772 -39.2778 4.15804 -0.0812923 4.15725 4.57529 0.0338464 4.57516 
1085 0 -143.692 -39.3849 4.15804 -0.0808697 4.15725 4.57529 0.0343115 4.57516 
1086 0 -143.532 -39.5986 4.55059 -0.219363 4.5453 4.93774 -0.0934036 4.93686 
1086 0 -143.452 -39.7052 4.55059 -0.21869 4.54534 4.93774 -0.0926733 4.93687 
1087 0 -143.253 -39.9709 4.58814 -0.19907 4.58382 4.96822 -0.0739778 4.96767 
1087 0 -143.174 -40.0769 4.58814 -0.198263 4.58385 4.96822 -0.0731035 4.96768 
1088 0 -143.134 -40.1298 4.689 -0.199718 4.68475 5.0493 -0.0755099 5.04873 
1089 0 -142.976 -40.341 4.82049 -0.159353 4.81785 5.58676 0.0221214 5.58671 
1089 0 -142.857 -40.4989 4.82049 -0.158174 4.81789 5.58676 0.0234885 5.58671 
1090 0 -142.699 -40.7087 4.36005 0.0014486 4.36005 5.17492 0.165467 5.17228 
1090 0 -142.62 -40.8134 4.36005 0.00224459 4.36005 5.17492 0.166411 5.17225 
1091 0 -142.463 -41.0222 4.39255 -0.0697458 4.392 4.89599 0.146081 4.89381 
1092 0 -142.345 -41.1783 4.23214 -0.254134 4.2245 4.9899 -0.0459921 4.98969 
1092 0 -142.228 -41.3341 4.23214 -0.252891 4.22458 4.9899 -0.0445241 4.9897 
1093 0 -142.15 -41.4377 4.53431 -0.32256 4.52282 5.26698 -0.108509 5.26586 
1093 0 -142.072 -41.5411 4.53431 -0.321655 4.52289 5.26698 -0.107455 5.26588 
1094 0 -141.916 -41.7475 4.72699 -0.347939 4.71417 5.346 -0.194092 5.34247 
1094 0 -141.722 -42.0045 4.72699 -0.345759 4.71433 5.346 -0.191621 5.34256 
1095 0 -141.567 -42.2094 4.55505 -0.329006 4.54316 5.18376 -0.173618 5.18086 
1096 0 -141.529 -42.2605 4.68101 -0.0592538 4.68063 5.81088 0.119009 5.80966 
1096 0 -141.374 -42.4645 4.68101 -0.0580331 4.68065 5.81088 0.120524 5.80963 
1097 0 -141.259 -42.6171 5.07548 -0.0198225 5.07544 6.15562 0.154234 6.15369 
1097 0 -141.182 -42.7186 5.07548 -0.0191642 5.07544 6.15562 0.155032 6.15367 
1098 0 -141.144 -42.7693 4.74098 -0.0908992 4.74011 5.54231 0.0335039 5.54221 
1099 0 -140.994 -42.9679 4.85026 -0.0532999 4.84997 5.92206 0.0845222 5.92145 
1099 0 -140.917 -43.0688 4.85026 -0.0527857 4.84997 5.92206 0.08515 5.92144 
1100 0 -140.803 -43.2198 4.76337 -0.149828 4.76102 5.77087 -0.0551389 5.7706 
1100 0 -140.65 -43.4206 4.76337 -0.148634 4.76106 5.77087 -0.0536918 5.77062 
1101 0 -140.461 -43.6705 4.71433 -0.0980205 4.71331 5.71841 -0.00985313 5.7184 
1101 0 -140.385 -43.7702 4.71433 -0.0974814 4.71332 5.71841 -0.00919912 5.7184 
1102 0 -140.234 -43.9689 4.65202 -0.0720697 4.65146 5.67598 0.01279 5.67597 
1103 0 -140.121 -44.1174 4.99364 -0.0905067 4.99282 6.33681 -0.0232626 6.33676 
1103 0 -140.046 -44.2161 4.99364 -0.0901088 4.99283 6.33681 -0.0227577 6.33677 
1104 0 -139.859 -44.4621 5.02753 -0.0294354 5.02744 6.17866 0.0538101 6.17843 
1104 0 -139.748 -44.609 5.02753 -0.0287598 5.02745 6.17866 0.0546404 6.17842 
1105 0 -139.711 -44.6579 4.79401 0.0769748 4.79339 5.94607 0.153163 5.9441 
1105 0 -139.563 -44.8528 4.79401 0.0773922 4.79339 5.94607 0.153681 5.94409 
1106 0 -139.489 -44.9499 4.98681 0.0909621 4.98598 6.11098 0.165416 6.10874 
1107 0 -139.342 -45.1432 5.13842 0.0410022 5.13826 6.6545 0.103293 6.6537 
1107 0 -139.306 -45.1914 5.13842 0.0411007 5.13826 6.6545 0.10342 6.65369 
1108 0 -139.123 -45.4314 4.78017 -0.0344082 4.78004 5.91735 -0.0268755 5.91729 
1108 0 -139.014 -45.5745 4.78017 -0.0344072 4.78004 5.91735 -0.0268742 5.91729 
1109 0 -138.906 -45.717 4.92037 -0.0541464 4.92007 6.05215 -0.0425619 6.052 
1110 0 -138.87 -45.7643 4.92572 0.0104149 4.92571 6.34501 -0.0281454 6.34495 
1110 0 -138.691 -45.9997 4.92572 0.0103348 4.92571 6.34501 -0.0282485 6.34495 
1111 0 -138.584 -46.1399 5.03499 0.065349 5.03457 6.22513 0.053727 6.2249 
1111 0 -138.549 -46.1865 5.03499 0.0653599 5.03457 6.22513 0.0537405 6.22489 
1112 0 -138.338 -46.4639 4.87747 0.1151 4.87611 6.05819 0.102523 6.05732 
1112 0 -138.234 -46.6013 4.87747 0.115183 4.87611 6.05819 0.102627 6.05732 
1113 0 -138.199 -46.6469 4.98452 0.0546152 4.98422 6.16566 0.0497748 6.16546 
1113 0 -138.095 -46.7832 4.98452 0.0546006 4.98422 6.16566 0.0497568 6.16546 
1114 0 -137.958 -46.9635 5.32698 0.115901 5.32572 6.45811 0.100024 6.45734 
1115 0 -137.856 -47.0977 5.14522 0.0570911 5.14491 6.06006 -0.0176911 6.06003 
1115 0 -137.789 -47.1867 5.14522 0.0570844 5.14491 6.06006 -0.017699 6.06003 
1116 0 -137.621 -47.4074 4.88297 0.0619969 4.88258 5.82705 -0.0149246 5.82703 
1116 0 -137.554 -47.4949 4.88297 0.0620423 4.88258 5.82705 -0.0148705 5.82703 
1117 0 -137.554 -47.4949 4.78714 0.0503913 4.78688 5.75297 -0.023892 5.75292 
1118 0 -137.455 -47.6218 4.92037 -0.0540256 4.92007 5.94576 -0.214421 5.94189 
1118 0 -137.357 -47.7515 4.92037 -0.0540418 4.92007 5.94576 -0.214441 5.94189 
1119 0 -137.226 -47.9229 5.03253 0.0431306 5.03234 6.03726 -0.130883 6.03584 
1119 0 -137.129 -48.0506 5.03253 0.0431418 5.03234 6.03726 -0.130869 6.03584 
1120 0 -137.033 -48.1773 4.95322 -0.022953 4.95317 5.9689 -0.185735 5.96601 
1121 0 -136.905 -48.3448 4.82808 -0.0148476 4.82806 6.05088 -0.155645 6.04888 
1121 0 -136.842 -48.428 4.82808 -0.0149151 4.82806 6.05088 -0.155729 6.04888 
1122 0 -136.685 -48.6343 4.70837 0.0306061 4.70827 5.57177 -0.0974403 5.57092 
1122 0 -136.592 -48.7569 4.70837 0.0304651 4.70827 5.57177 -0.0976071 5.57092 
1123 0 -136.499 -48.8786 4.6126 0.0187723 4.61257 5.50155 -0.106231 5.50052 
1124 0 -136.346 -49.0795 4.79009 0.0354451 4.78996 6.06928 -0.0817564 6.06873 
1124 0 -136.285 -49.1592 4.79009 0.0355096 4.78996 6.06928 -0.0816746 6.06873 
1125 0 -136.135 -49.3568 4.84018 -0.00364314 4.84017 6.0953 -0.112683 6.09426 
1125 0 -136.076 -49.4352 4.84018 -0.00354543 4.84017 6.0953 -0.11256 6.09426 
1126 0 -135.987 -49.552 4.5607 -0.0744243 4.56009 5.43548 -0.151018 5.43338 
1127 0 -135.899 -49.668 4.79009 0.0357696 4.78996 5.87843 0.026075 5.87837 
1127 0 -135.782 -49.8213 4.79009 0.0357333 4.78996 5.87843 0.0260305 5.87837 
1128 0 -135.696 -49.9352 4.70338 -0.075558 4.70277 5.78334 -0.0692247 5.78292 
1128 0 -135.638 -50.0107 4.70338 -0.0755657 4.70277 5.78334 -0.0692341 5.78292 
1129 0 -135.524 -50.1604 4.70105 -0.0206442 4.70101 5.49609 0.018613 5.49606 
1130 0 -135.44 -50.2717 4.65661 -0.101464 4.6555 5.71372 -0.107467 5.71271 
1130 0 -135.384 -50.3454 4.65661 -0.101582 4.6555 5.71372 -0.107612 5.71271 
1131 0 -135.245 -50.5281 4.83904 -0.0242175 4.83898 5.9123 -0.0390018 5.91217 
1131 0 -135.19 -50.6006 4.83904 -0.0243429 4.83898 5.9123 -0.0391551 5.91217 
1132 0 -135.107 -50.7085 4.49078 -0.0298631 4.49068 5.59947 -0.043081 5.5993 
1132 0 -135.026 -50.8155 4.49078 -0.0299555 4.49068 5.59947 -0.0431962 5.5993 
1133 0 -134.945 -50.9217 4.39057 0.0365498 4.39042 5.51848 0.0144326 5.51846 
1133 0 -134.892 -50.9921 4.39057 0.0365369 4.39042 5.51848 0.0144165 5.51846 
1134 0 -134.786 -51.1317 4.6716 0.0287508 4.67151 5.47872 0.0131091 5.47871 
1135 0 -134.707 -51.2354 4.61469 -0.028726 4.6146 5.59024 -0.0426498 5.59008 
1135 0 -134.629 -51.3382 4.61469 -0.0291127 4.6146 5.59024 -0.0431183 5.59008 
1136 0 -134.603 -51.3723 5.11942 -0.0652326 5.119 6.06108 -0.0762505 6.0606 
1136 0 -134.551 -51.4401 5.11942 -0.0656967 5.119 6.06108 -0.0768 6.06059 
1137 0 -134.472 -51.5394 5.13007 0.0683617 5.12961 5.72338 0.121075 5.7221 
1137 0 -134.421 -51.6062 5.13007 0.0676268 5.12962 5.72338 0.120255 5.72211 
1138 0 -134.32 -51.7387 5.18661 -0.0288841 5.18653 5.77373 0.0387612 5.7736 
1139 0 -134.221 -51.8698 5.29749 0.00794599 5.29749 6.1119 0.0770224 6.11141 
1139 0 -134.122 -51.9995 5.29749 0.00681583 5.29749 6.1119 0.0757187 6.11143 
1140 0 -134.049 -52.0958 5.31649 -0.112429 5.3153 5.93044 -0.0472859 5.93025 
1140 0 -133.977 -52.1912 5.31649 -0.113308 5.31528 5.93044 -0.048267 5.93025 
1141 0 -133.905 -52.286 5.42897 -0.0269379 5.4289 6.03763 0.0273382 6.03757 
1142 0 -133.809 -52.4114 5.49045 -0.0760412 5.48992 6.29817 -0.0454407 6.298 
1142 0 -133.762 -52.4737 5.49045 -0.0764854 5.48991 6.29817 -0.0459503 6.298 
1143 0 -133.668 -52.5977 5.21009 -0.036851 5.20996 5.63978 -0.0218921 5.63974 
1143 0 -133.622 -52.6595 5.21009 -0.0371766 5.20995 5.63978 -0.0222444 5.63974 
1144 0 -133.552 -52.7517 5.01049 0.0626537 5.0101 5.47659 0.0574795 5.47629 
1145 0 -133.46 -52.8742 5.1614 0.111839 5.16018 5.88878 0.0560658 5.88851 
1145 0 -133.391 -52.9656 5.1614 0.111334 5.16019 5.88878 0.0554898 5.88852 
1146 0 -133.345 -53.0264 5.04986 -0.0447174 5.04967 5.54384 -0.159033 5.54156 
1146 0 -133.254 -53.1476 5.04986 -0.0457602 5.04966 5.54384 -0.160177 5.54152 
1147 0 -133.208 -53.2081 5.10557 0.0659187 5.10515 5.58816 -0.0670953 5.58776 
1148 0 -133.094 -53.3587 5.15098 0.0196288 5.15094 5.91452 -0.135106 5.91298 
1148 0 -133.027 -53.4488 5.15098 0.0186573 5.15095 5.91452 -0.136221 5.91295 
1149 0 -132.959 -53.5387 5.01605 0.0853626 5.01532 5.51603 -0.0232151 5.51598 
1149 0 -132.891 -53.6283 5.01605 0.0845366 5.01533 5.51603 -0.0241235 5.51597 
1150 0 -132.824 -53.7179 5.03316 0.0489641 5.03292 5.50822 -0.0582967 5.50792 
1150 0 -132.734 -53.837 5.03316 0.04807 5.03293 5.50822 -0.0592751 5.50791 
1151 0 -132.689 -53.8965 5.29321 0.165007 5.29064 5.73724 0.0435572 5.73708 
1152 0 -132.622 -53.9856 5.14774 0.0554693 5.14744 5.76181 -0.0477279 5.76161 
1152 0 -132.577 -54.0449 5.14774 0.0550808 5.14745 5.76181 -0.0481628 5.76161 
1153 0 -132.51 -54.1338 4.80674 -0.0542367 4.80644 5.49392 -0.14915 5.4919 
1153 0 -132.443 -54.2226 4.80674 -0.0550229 4.80643 5.49392 -0.150049 5.49187 
1154 0 -132.399 -54.2817 5.53853 0.0383408 5.5384 5.96485 -0.0618324 5.96453 
1155 0 -132.288 -54.4291 5.05394 -0.0095491 5.05393 5.57545 -0.18284 5.57245 
1155 0 -132.265 -54.4585 5.05394 -0.00980018 5.05393 5.57545 -0.183117 5.57244 
1156 0 -132.243 -54.488 4.74742 -0.0137491 4.7474 5.30162 -0.188107 5.29828 
1156 0 -132.148 -54.6028 4.74742 -0.0153157 4.7474 5.30162 -0.189855 5.29822 
1157 0 -132.082 -54.6909 4.92071 -0.0474344 4.92048 5.4507 -0.217473 5.44636 
1157 0 -131.972 -54.8376 4.92071 -0.0478813 4.92048 5.4507 -0.217968 5.44634 
1158 0 -131.906 -54.9254 4.92689 -0.0290321 4.92681 5.19423 -0.21176 5.18991 
1159 0 -131.84 -55.0131 4.90188 0.074482 4.90131 5.41335 -0.113003 5.41217 
1159 0 -131.753 -55.1298 4.90188 0.0738065 4.90132 5.41335 -0.113749 5.41216 
1160 0 -131.665 -55.2461 4.82327 -0.00614671 4.82327 5.34163 -0.183963 5.33846 
1160 0 -131.622 -55.3042 4.82327 -0.00676141 4.82326 5.34163 -0.184644 5.33843 
1161 0 -131.534 -55.4201 4.93133 0.0597616 4.93096 5.20986 -0.0981332 5.20893 
1162 0 -131.469 -55.507 4.79176 -0.0526155 4.79148 5.10997 -0.264176 5.10314 
1162 0 -131.426 -55.5649 4.79176 -0.0530509 4.79147 5.10997 -0.26464 5.10311 
1163 0 -131.339 -55.6805 4.91439 -0.0815235 4.91372 5.21722 -0.286664 5.20933 
1163 0 -131.274 -55.7672 4.91439 -0.0819866 4.91371 5.21722 -0.287154 5.20931 
1164 0 -131.21 -55.8537 4.99297 -0.0132731 4.99296 4.99391 -0.187368 4.9904 
1165 0 -131.166 -55.9113 4.89163 0.0852281 4.89089 5.0019 -0.059339 5.00155 
1165 0 -131.123 -55.9688 4.89163 0.0848966 4.8909 5.0019 -0.0596781 5.00154 
1166 0 -131.016 -56.1125 4.92366 0.0824408 4.92297 5.03208 -0.0616155 5.0317 
1166 0 -130.951 -56.1986 4.92366 0.0817324 4.92298 5.03208 -0.0623395 5.03169 
1167 0 -130.887 -56.2846 4.93034 0.0635158 4.92993 4.75307 -0.0493246 4.75281 
1167 0 -130.844 -56.3419 4.93034 0.0630892 4.92993 4.75307 -0.0497359 4.75281 
1168 0 -130.737 -56.4849 4.97988 0.0224589 4.97983 4.79434 -0.0846498 4.79359 
1168 0 -130.672 -56.5706 4.97988 0.0219566 4.97983 4.79434 -0.0851333 4.79359 
1169 0 -130.587 -56.6848 4.77833 -0.0198806 4.77828 4.61327 -0.121196 4.61167 
1170 0 -130.544 -56.7419 4.72599 -0.044488 4.72578 4.83075 -0.077326 4.83013 
1170 0 -130.523 -56.7704 4.72599 -0.0445752 4.72578 4.83075 -0.0774151 4.83013 
1171 0 -130.417 -56.9128 4.76072 -0.0278773 4.76064 4.71014 -0.0657112 4.70968 
1171 0 -130.374 -56.9698 4.76072 -0.028167 4.76064 4.71014 -0.0659977 4.70968 
1172 0 -130.311 -57.0551 5.08035 0.020845 5.08031 4.98531 -0.0190516 4.98528 
1173 0 -130.226 -57.1687 4.36005 -0.014312 4.36002 4.47704 -0.0135037 4.47702 
1173 2 -130.226 -57.1687 0 -0 0 0 -0 0 
1173 0 -130.184 -57.2254 4.36005 -0.0146989 4.36002 4.47704 -0.013901 4.47702 
1173 2 -130.184 -57.2254 0 -0 0 0 -0 0 
1174 0 -130.12 -57.3105 4.75373 -0.0129546 4.75371 4.79915 0.0619696 4.79875 
1174 0 -130.099 -57.3388 4.75373 -0.0132317 4.75371 4.79915 0.0616899 4.79875 
1175 0 -130.036 -57.4237 4.75545 -0.069013 4.75495 4.79244 0.015271 4.79242 
1176 0 -129.944 -57.5415 4.69353 0.0297258 4.69344 4.98541 0.126918 4.9838 
1176 0 -129.902 -57.598 4.69353 0.0292465 4.69344 4.98541 0.126409 4.98381 
1177 0 -129.776 -57.7674 4.70934 0.00659194 4.70934 5.00873 0.109209 5.00754 
1177 0 -129.734 -57.8238 4.70934 0.00621704 4.70934 5.00873 0.10881 5.00755 
1178 0 -129.671 -57.9083 4.71408 0.01969 4.71404 4.77429 0.108744 4.77305 
1179 0 -129.587 -58.0209 4.68704 0.0074506 4.68704 4.95148 0.116246 4.95012 
1179 0 -129.503 -58.1333 4.68704 0.00675962 4.68704 4.95148 0.115516 4.95014 
1180 0 -129.44 -58.2175 4.43945 -0.039602 4.43927 4.75025 0.0770615 4.74962 
1180 0 -129.398 -58.2736 4.43945 -0.0399042 4.43927 4.75025 0.0767382 4.74963 
1181 0 -129.315 -58.3857 4.78906 0.0386593 4.7889 5.05451 0.214717 5.04995 
1181 0 -129.232 -58.4977 4.78906 0.0380577 4.78891 5.05451 0.214082 5.04997 
1182 0 -129.169 -58.5816 4.53799 0.0332491 4.53787 4.84728 0.210247 4.84271 
1183 0 -129.128 -58.6375 4.69354 -0.0100613 4.69353 5.50955 0.156516 5.50733 
1183 0 -129.086 -58.6933 4.69354 -0.0104508 4.69353 5.50955 0.156059 5.50734 
1184 0 -129.024 -58.7768 4.6653 -0.119914 4.66376 5.38802 0.0169952 5.388 
1184 0 -128.983 -58.8324 4.6653 -0.12033 4.66375 5.38802 0.016515 5.388 
1185 0 -128.9 -58.9434 4.6992 -0.135785 4.69724 5.42437 0.00351368 5.42437 
1185 0 -128.817 -59.054 4.6992 -0.136663 4.69721 5.42437 0.00249985 5.42437 
1186 0 -128.756 -59.1366 4.57001 -0.0591315 4.56963 5.31315 0.0694017 5.3127 
1187 0 -128.674 -59.2465 4.56139 -0.0287546 4.5613 5.54794 0.0936082 5.54715 
1187 0 -128.633 -59.3013 4.56139 -0.0290339 4.5613 5.54794 0.0932685 5.54715 
1188 0 -128.552 -59.4105 4.67441 -0.00850263 4.6744 5.63386 0.111078 5.63276 
1188 0 -128.512 -59.4649 4.67441 -0.00867029 4.6744 5.63386 0.110876 5.63276 
1189 0 -128.452 -59.5463 4.52422 -0.0573501 4.52385 5.23343 0.00282956 5.23343 
1189 0 -128.412 -59.6003 4.52422 -0.0575672 4.52385 5.23343 0.00257841 5.23343 
1190 0 -128.352 -59.6809 4.75916 -0.0322793 4.75905 5.43673 0.0243224 5.43667 
1191 0 -128.273 -59.7879 4.43001 -0.0404828 4.42983 5.35363 -0.0741248 5.35312 
1191 0 -128.233 -59.8411 4.43001 -0.0408308 4.42982 5.35363 -0.0745454 5.35311 
1192 0 -128.175 -59.9207 4.71983 -0.0836484 4.71908 5.53118 -0.146447 5.52924 
1192 0 -128.097 -60.0261 4.71983 -0.0843579 4.71907 5.53118 -0.147278 5.52922 
1193 0 -128.039 -60.1047 4.39284 -0.0282346 4.39275 5.2017 -0.0907552 5.20091 
1193 0 -128.02 -60.1308 4.39284 -0.0284353 4.39275 5.2017 -0.0909929 5.20091 
1194 0 -127.981 -60.1828 4.45736 -0.0353176 4.45722 5.27276 -0.0992739 5.27183 
1195 0 -127.896 -60.298 4.51092 -0.0636094 4.51047 5.42678 -0.148097 5.42476 
1195 0 -127.857 -60.3495 4.51092 -0.0639811 4.51046 5.42678 -0.148544 5.42475 
1196 0 -127.781 -60.4519 4.47181 -0.0454668 4.47158 5.42159 -0.131119 5.42001 
1196 0 -127.725 -60.5282 4.47181 -0.0457868 4.47157 5.42159 -0.131507 5.42 
1197 0 -127.669 -60.6041 4.52974 -0.0497149 4.52947 5.49417 -0.133316 5.49255 
1197 0 -127.594 -60.7048 4.52974 -0.0502683 4.52946 5.49417 -0.133988 5.49254 
1198 0 -127.538 -60.7801 4.64004 -0.0793266 4.63937 5.39794 -0.176096 5.39507 
1199 0 -127.464 -60.8802 4.78017 -0.101798 4.77908 5.70851 -0.225098 5.70407 
1199 0 -127.427 -60.9301 4.78017 -0.102197 4.77907 5.70851 -0.225575 5.70405 
1200 0 -127.372 -61.0049 4.49055 -0.129056 4.48869 5.4476 -0.249226 5.44189 
1200 0 -127.298 -61.1044 4.49055 -0.12999 4.48866 5.4476 -0.250358 5.44184 
1201 0 -127.261 -61.1542 4.69862 -0.0392566 4.69846 5.62388 -0.172834 5.62122 
1202 0 -127.188 -61.2534 4.61389 -0.0173019 4.61385 5.40726 -0.131637 5.40565 
1202 0 -127.151 -61.303 4.61389 -0.0177643 4.61385 5.40726 -0.132179 5.40564 
1203 0 -127.096 -61.3773 4.62639 0.0381967 4.62624 5.41578 -0.0839173 5.41513 
1203 0 -127.041 -61.4516 4.62639 0.0377344 4.62624 5.41578 -0.0844584 5.41513 
1204 0 -126.968 -61.5505 4.58188 -0.128369 4.58008 5.37375 -0.226001 5.36899 
1204 0 -126.914 -61.6246 4.58188 -0.128678 4.58007 5.37375 -0.226362 5.36898 
1205 0 -126.877 -61.674 4.5 -0.0637486 4.49955 5.30167 -0.170907 5.29892 
1206 0 -126.805 -61.7726 4.78918 -0.139097 4.78716 5.8373 -0.315777 5.82875 
1206 0 -126.75 -61.8465 4.78918 -0.139388 4.78716 5.8373 -0.316131 5.82873 
1207 0 -126.696 -61.9202 4.52987 -0.0884236 4.52901 5.62389 -0.27422 5.6172 
1207 0 -126.642 -61.9939 4.52987 -0.0885873 4.529 5.62389 -0.274423 5.61719 
1208 0 -126.587 -62.0675 4.80166 -0.202485 4.79739 5.85978 -0.373026 5.84789 
1209 0 -126.551 -62.1165 4.49298 -0.0470732 4.49273 5.69611 -0.0314369 5.69602 
1209 0 -126.515 -62.1655 4.49298 -0.047028 4.49273 5.69611 -0.0313795 5.69602 
1210 0 -126.425 -62.2878 4.56028 -0.0765535 4.55963 5.55553 0.0313141 5.55544 
1210 0 -126.371 -62.3612 4.56028 -0.0763307 4.55964 5.55553 0.0315855 5.55544 
1211 0 -126.318 -62.4345 4.3503 -0.0430457 4.35009 5.33618 0.0596319 5.33585 
1211 0 -126.264 -62.5077 4.3503 -0.042737 4.35009 5.33618 0.0600105 5.33584 
1212 0 -126.228 -62.5565 4.40152 -0.0505764 4.40123 5.38434 0.0525552 5.38408 
1213 0 -126.192 -62.6053 4.64052 -0.0164544 4.64049 5.92141 0.0944829 5.92066 
1213 0 -126.157 -62.654 4.64052 -0.0163086 4.64049 5.92141 0.0946688 5.92065 
1214 0 -126.094 -62.734 4.42303 -0.0344789 4.42289 5.38447 0.0775118 5.38391 
1214 0 -126.022 -62.8312 4.42303 -0.0341772 4.4229 5.38447 0.0778791 5.3839 
1215 0 -125.968 -62.904 4.41403 -0.0717462 4.41345 5.36919 0.0434029 5.36901 
1216 0 -125.896 -63.0011 4.28699 -0.0749339 4.28634 5.3785 0.0542384 5.37823 
1216 0 -125.842 -63.0738 4.28699 -0.0744872 4.28634 5.3785 0.0547988 5.37822 
1217 0 -125.771 -63.1708 4.16771 -0.0410395 4.16751 5.27654 0.0843569 5.27586 
1217 0 -125.735 -63.2193 4.16771 -0.0405798 4.16751 5.27654 0.084939 5.27585 
1218 0 -125.699 -63.2679 4.21011 -0.0860252 4.20923 5.1307 0.0733423 5.13018 
1219 0 -125.645 -63.3407 4.28019 -0.0962978 4.2791 5.33626 0.0419426 5.3361 
1219 2 -125.645 -63.3407 0 -0 0 0 -0 0 
1219 0 -125.591 -63.4135 4.28019 -0.0955961 4.27912 5.33626 0.0428177 5.33609 
1219 2 -125.591 -63.4135 0 -0 0 0 -0 0 
1220 0 -125.501 -63.535 4.72017 -0.0200089 4.72013 5.72835 0.111777 5.72726 
1220 0 -125.465 -63.5836 4.72017 -0.0196371 4.72013 5.72835 0.112228 5.72725 
1221 0 -125.393 -63.6808 4.36005 -0.034639 4.35991 5.03451 0.0961977 5.0336 
1222 0 -125.321 -63.7778 4.52489 -0.210936 4.51998 5.44301 -0.270806 5.43627 
1222 0 -125.303 -63.8021 4.52489 -0.210837 4.51998 5.44301 -0.270687 5.43627 
1223 0 -125.231 -63.8993 4.3284 -0.0471004 4.32815 5.27693 -0.131199 5.27529 
1223 0 -125.213 -63.9236 4.3284 -0.0469888 4.32815 5.27693 -0.131063 5.2753 
1224 0 -125.123 -64.0451 4.41021 -0.111045 4.40881 5.36551 -0.183679 5.36236 
1224 0 -125.087 -64.0936 4.41021 -0.110642 4.40882 5.36551 -0.183189 5.36238 
1225 0 -125.016 -64.1906 4.32356 0.00987805 4.32355 4.75075 0.000194058 4.75075 
1225 0 -124.962 -64.2633 4.32356 0.0105509 4.32355 4.75075 0.000933443 4.75075 
1226 0 -124.926 -64.3117 4.43128 -0.00914291 4.43127 4.85025 -0.0140398 4.85023 
1227 0 -124.855 -64.4084 4.31335 0.121192 4.31165 5.01106 0.12749 5.00944 
1227 0 -124.801 -64.4808 4.31335 0.121821 4.31163 5.01106 0.128221 5.00942 
1228 0 -124.747 -64.5531 4.55394 -0.0389027 4.55377 5.13161 -0.216075 5.12706 
1228 0 -124.711 -64.6013 4.55394 -0.0385501 4.55377 5.13161 -0.215677 5.12708 
1229 0 -124.658 -64.6734 4.79984 -0.0210272 4.79979 5.31866 -0.192909 5.31517 
1230 0 -124.587 -64.7695 4.78017 -0.0913305 4.77929 5.55179 -0.290629 5.54418 
1230 0 -124.551 -64.8175 4.78017 -0.0909785 4.7793 5.55179 -0.29022 5.5442 
1231 0 -124.498 -64.8894 4.75222 -0.0111981 4.7522 5.53539 -0.218069 5.53109 
1231 0 -124.426 -64.9851 4.75222 -0.0105173 4.75221 5.53539 -0.217276 5.53112 
1232 0 -124.391 -65.033 4.57001 -0.0572106 4.56965 5.06184 -0.272955 5.05448 
1232 0 -124.391 -65.033 4.57001 -0.0572106 4.56965 5.06184 -0.272955 5.05448 
1233 0 -124.311 -65.1366 4.67255 -0.0723509 4.67199 5.14915 -0.285643 5.14122 
1233 0 -124.275 -65.1845 4.67255 -0.0719944 4.672 5.14915 -0.28525 5.14124 
1234 0 -124.204 -65.2801 4.77039 -0.115763 4.76899 5.23289 -0.323332 5.22289 
1234 0 -124.168 -65.328 4.77039 -0.115376 4.769 5.23289 -0.322908 5.22291 
1235 0 -124.097 -65.4235 4.78326 -0.136531 4.78132 5.1047 -0.356389 5.09224 
1236 0 -124.026 -65.519 4.78682 -0.135466 4.7849 5.32906 -0.330583 5.3188 
1236 0 -123.991 -65.5667 4.78682 -0.13523 4.78491 5.32906 -0.330321 5.31882 
1237 0 -123.902 -65.6857 4.80494 -0.0267793 4.80486 5.33736 -0.234423 5.33221 
1237 0 -123.848 -65.7571 4.80494 -0.0264996 4.80487 5.33736 -0.234113 5.33222 
1238 0 -123.813 -65.8046 5.08035 0.0129193 5.08034 5.41142 -0.178743 5.40847 
1239 0 -123.759 -65.8762 4.62277 -0.202365 4.61834 5.26597 -0.404678 5.2504 
1239 0 -123.688 -65.9718 4.62277 -0.201829 4.61836 5.26597 -0.404068 5.25044 
1240 0 -123.634 -66.0439 4.69308 -0.211873 4.68829 5.3261 -0.412467 5.3101 
1240 0 -123.561 -66.1406 4.69308 -0.210988 4.68833 5.3261 -0.411465 5.31018 
1241 0 -123.525 -66.1892 4.73246 0.0705098 4.73194 5.08125 0.0444488 5.08106 
1242 0 -123.488 -66.2381 4.6486 0.038236 4.64844 5.01079 -0.00729094 5.01079 
1242 0 -123.47 -66.2626 4.6486 0.038455 4.64844 5.01079 -0.00705492 5.01079 
1243 0 -123.359 -66.4108 4.86129 -0.0604882 4.86091 5.18723 -0.0955417 5.18635 
1243 0 -123.303 -66.4857 4.86129 -0.059909 4.86092 5.18723 -0.0949238 5.18636 
1244 0 -123.246 -66.5612 4.72734 -0.158277 4.72469 5.10173 -0.180553 5.09853 
1244 0 -123.208 -66.6118 4.72734 -0.157969 4.7247 5.10173 -0.18022 5.09855 
1245 0 -123.132 -66.714 4.88857 -0.135488 4.8867 5.24037 -0.160691 5.23791 
1246 0 -123.074 -66.7913 4.87531 -0.136656 4.87339 5.19792 -0.165135 5.1953 
1246 0 -123.035 -66.8433 4.87531 -0.136411 4.8734 5.19792 -0.164874 5.19531 
1247 0 -122.957 -66.9479 4.75334 -0.149695 4.75098 5.09506 -0.175967 5.09202 
1247 0 -122.917 -67.0007 4.75334 -0.149475 4.75099 5.09506 -0.175731 5.09203 
1248 0 -122.878 -67.0537 4.55352 -0.0192529 4.55348 4.95311 -0.0636061 4.9527 
1248 0 -122.818 -67.1338 4.55352 -0.0189154 4.55348 4.95311 -0.063239 4.9527 
1249 0 -122.758 -67.2144 4.44072 0.0473363 4.44047 4.61375 0.0318494 4.61364 
1249 0 -122.717 -67.2685 4.44072 0.0475653 4.44047 4.61375 0.0320873 4.61364 
1250 0 -122.636 -67.3774 4.40184 -0.0116223 4.40183 4.57526 -0.0226002 4.57521 
1250 0 -122.574 -67.4597 4.40184 -0.0114125 4.40183 4.57526 -0.0223822 4.57521 
1251 0 -122.512 -67.5425 4.78427 0.00373757 4.78426 4.90553 -0.00712631 4.90552 
1252 0 -122.491 -67.5702 4.84283 0.0656112 4.84238 5.21142 0.0748576 5.21088 
1252 0 -122.45 -67.6258 4.84283 0.0655827 4.84239 5.21142 0.0748269 5.21088 
1253 0 -122.359 -67.7388 4.65498 0.104163 4.65381 5.0464 0.108662 5.04523 
1253 0 -122.316 -67.7952 4.65498 0.104157 4.65381 5.0464 0.108656 5.04523 
1254 0 -122.231 -67.9087 4.70296 -0.0462063 4.70273 5.09169 -0.0231277 5.09164 
1255 0 -122.145 -68.0233 4.76771 0.0803317 4.76704 5.28455 0.248121 5.27873 
1255 0 -122.123 -68.0521 4.76771 0.0803746 4.76703 5.28455 0.248168 5.27872 
1256 0 -122.014 -68.1971 4.77528 0.00795158 4.77527 5.30474 0.182786 5.30159 
1256 0 -121.948 -68.2847 4.77528 0.00810307 4.77527 5.30474 0.182954 5.30158 
1257 0 -121.882 -68.3729 4.93001 -0.0244613 4.92995 5.50038 0.15454 5.49821 
1257 0 -121.816 -68.4617 4.93001 -0.024251 4.92995 5.50038 0.154775 5.4982 
1258 0 -121.726 -68.5808 4.72017 0.00734267 4.72016 5.07272 0.219435 5.06797 
1258 0 -121.681 -68.6407 4.72017 0.00743142 4.72016 5.07272 0.21953 5.06797 
1259 0 -121.636 -68.7008 4.86004 -0.0134941 4.86002 5.19255 0.201482 5.18864 
1259 0 -121.545 -68.8215 4.86004 -0.0136451 4.86002 5.19255 0.201321 5.18865 
1260 0 -121.454 -68.943 4.72759 -0.129775 4.72581 5.08469 0.100724 5.08369 
1260 0 -121.408 -69.0041 4.72759 -0.129923 4.72581 5.08469 0.100564 5.0837 
1261 0 -121.362 -69.0654 4.86473 -0.127916 4.86305 5.20635 0.125342 5.20484 
1262 0 -121.316 -69.1268 4.86927 0.0237144 4.86921 5.74131 0.350064 5.73062 
1262 0 -121.269 -69.1886 4.86927 0.0237863 4.86921 5.74131 0.350149 5.73062 
1263 0 -121.176 -69.3127 4.74189 0.0563403 4.74156 5.63402 0.378874 5.62127 
1263 0 -121.129 -69.3752 4.74189 0.0565117 4.74156 5.63402 0.379077 5.62125 
1264 0 -121.012 -69.5322 4.54737 -0.00558305 4.54736 5.45958 0.325185 5.44989 
1264 0 -120.941 -69.6271 4.54737 -0.0055176 4.54736 5.45958 0.325263 5.44989 
1265 0 -120.869 -69.7225 4.61578 -0.00269323 4.61578 5.2871 0.301504 5.27849 
1266 0 -120.797 -69.8183 4.63692 -0.129448 4.63511 5.55837 0.0720381 5.5579 
1266 0 -120.749 -69.8825 4.63692 -0.129466 4.63511 5.55837 0.0720164 5.5579 
1267 0 -120.676 -69.9793 4.44254 -0.151699 4.43995 5.3748 0.0511098 5.37456 
1267 0 -120.603 -70.0765 4.44254 -0.151771 4.43995 5.3748 0.0510228 5.37456 
1268 0 -120.505 -70.2071 5.201 -0.287287 5.19306 6.0904 -0.0751241 6.08994 
1268 0 -120.455 -70.2728 5.201 -0.287219 5.19306 6.0904 -0.0750443 6.08994 
1269 0 -120.381 -70.3718 5.17752 -0.286119 5.16961 6.06886 -0.073977 6.06841 
1269 0 -120.306 -70.4714 5.17752 -0.285896 5.16962 6.06886 -0.0737152 6.06841 
1270 0 -120.206 -70.6051 4.75034 -0.236907 4.74443 5.69476 -0.0286756 5.69469 
1271 0 -120.206 -70.6051 4.71777 -0.240636 4.71163 5.66655 -0.0318843 5.66646 
1271 0 -120.181 -70.6386 4.71777 -0.240609 4.71163 5.66655 -0.031851 5.66646 
1272 0 -120.101 -70.7441 4.83925 -0.194607 4.83534 5.78504 0.00996247 5.78503 
1272 0 -119.999 -70.8797 4.83925 -0.194704 4.83533 5.78504 0.00984625 5.78503 
1273 0 -119.923 -70.982 4.77403 -0.0224219 4.77398 5.74206 0.161673 5.73978 
1273 0 -119.845 -71.0848 4.77403 -0.0223977 4.77398 5.74206 0.161703 5.73978 
1274 0 -119.742 -71.2228 4.93305 -0.123552 4.93151 5.53037 -0.11209 5.52924 
1275 0 -119.637 -71.3618 4.6525 -0.0816293 4.65178 5.27032 -0.073201 5.26982 
1275 0 -119.585 -71.4317 4.6525 -0.0816101 4.65178 5.27032 -0.0731792 5.26982 
1276 0 -119.506 -71.5369 4.53519 -0.0162198 4.53516 5.16255 -0.0111221 5.16254 
1276 0 -119.426 -71.6426 4.53519 -0.016103 4.53516 5.16255 -0.0109891 5.16254 
1277 0 -119.373 -71.7134 4.79148 0.0302438 4.79138 5.39085 0.030318 5.39076 
1277 0 -119.32 -71.7843 4.79148 0.03037 4.79138 5.39085 0.03046 5.39076 
1278 0 -119.213 -71.9269 4.58039 0.0299775 4.5803 5.21705 0.0277532 5.21697 
1278 0 -119.132 -72.0343 4.58039 0.0300563 4.58029 5.21705 0.0278429 5.21697 
1279 0 -119.024 -72.1783 4.69799 0.09383 4.69705 5.30737 0.0836868 5.30671 
1279 0 -118.97 -72.2506 4.69799 0.0939476 4.69705 5.30737 0.0838196 5.30671 
1280 0 -118.888 -72.3595 4.74342 0.14946 4.74106 5.34527 0.13339 5.34361 
1281 0 -118.833 -72.4323 4.27682 -0.0408127 4.27662 4.39436 -0.24808 4.38735 
1281 0 -118.723 -72.5786 4.27682 -0.0405963 4.27662 4.39436 -0.247858 4.38737 
1282 0 -118.64 -72.6887 4.60977 -0.329211 4.598 4.68563 -0.500386 4.65883 
1282 0 -118.613 -72.7255 4.60977 -0.329219 4.598 4.68563 -0.500394 4.65883 
1283 0 -118.446 -72.9471 5.07001 -0.0422507 5.06983 5.07525 -0.251509 5.06901 
1283 0 -118.363 -73.0584 5.07001 -0.0420935 5.06984 5.07525 -0.251352 5.06902 
1284 0 -118.307 -73.1328 4.78017 -0.0701626 4.77965 4.82522 -0.275684 4.81734 
1284 0 -118.223 -73.2446 4.78017 -0.0700411 4.77965 4.82522 -0.275561 4.81735 
1285 0 -118.111 -73.3942 4.67838 0.0105352 4.67836 4.46038 -0.0895824 4.45948 
1285 0 -118.055 -73.4692 4.67838 0.0105046 4.67836 4.46038 -0.0896116 4.45948 
1286 0 -117.999 -73.5442 4.77562 -0.033714 4.7755 4.55368 -0.129975 4.55183 
1286 0 -117.914 -73.6572 4.77562 -0.0336339 4.7755 4.55368 -0.129899 4.55183 
1287 0 -117.771 -73.8462 4.18831 0.0602649 4.18788 3.9867 -0.0410161 3.98649 
1288 0 -117.743 -73.8841 4.21274 0.0495991 4.21245 4.13781 -0.0738116 4.13715 
1288 0 -117.657 -73.9981 4.21274 0.0496499 4.21245 4.13781 -0.0737618 4.13715 
1289 0 -117.571 -74.1124 4.61204 0.0216348 4.61199 4.52395 -0.0997045 4.52285 
1289 0 -117.485 -74.2271 4.61204 0.0217305 4.61199 4.52395 -0.0996106 4.52286 
1290 0 -117.456 -74.2654 4.50908 0.0100056 4.50907 4.1887 -0.138002 4.18643 
1290 0 -117.398 -74.3421 4.50908 0.0100568 4.50907 4.1887 -0.137955 4.18643 
1291 0 -117.342 -74.4214 4.36005 -0.00693323 4.36004 4.04613 -0.154286 4.04319 
1291 0 -117.196 -74.6145 4.36005 -0.00678834 4.36004 4.04613 -0.154151 4.0432 
1292 0 -117.109 -74.7309 4.37335 -0.00522037 4.37335 4.04951 -0.153719 4.0466 
1293 0 -116.992 -74.8867 4.19778 -0.0252529 4.1977 4.18988 -0.137568 4.18762 
1293 0 -116.933 -74.9648 4.19778 -0.0251994 4.1977 4.18988 -0.137515 4.18762 
1294 0 -116.845 -75.0825 4.44608 0.00335867 4.44608 4.42173 -0.110748 4.42034 
1294 0 -116.727 -75.2399 4.44608 0.0034876 4.44608 4.42173 -0.11062 4.42034 
1295 0 -116.638 -75.3585 4.12867 -0.032621 4.12854 4.12079 -0.144964 4.11824 
1295 0 -116.608 -75.3981 4.12867 -0.0325567 4.12854 4.12079 -0.1449 4.11824 
1296 0 -116.459 -75.5968 4.17132 -0.0778679 4.17059 4.1563 -0.185248 4.15217 
1296 0 -116.399 -75.6765 4.17132 -0.0776856 4.1706 4.1563 -0.185067 4.15218 
1297 0 -116.309 -75.7964 4.1517 -0.0293887 4.1516 4.13475 -0.14191 4.13232 
1297 0 -116.219 -75.9166 4.1517 -0.0294296 4.1516 4.13475 -0.141951 4.13231 
1298 0 -116.098 -76.0774 4.23929 -0.0329571 4.23916 4.2232 -0.143382 4.22077 
1299 0 -116.007 -76.1984 4.15367 -0.143686 4.15119 4.24333 -0.312282 4.23182 
1299 0 -115.977 -76.2388 4.15367 -0.143713 4.15119 4.24333 -0.312309 4.23182 
1300 0 -115.885 -76.3603 4.30383 0.0480379 4.30356 4.40014 -0.0157857 4.40011 
1300 0 -115.824 -76.4414 4.30383 0.0480333 4.30356 4.40014 -0.0157904 4.40011 
1301 0 -115.671 -76.6449 4.01202 0.274901 4.00259 4.13977 0.183671 4.1357 
1301 0 -115.609 -76.7266 4.01202 0.27484 4.00259 4.13977 0.183609 4.1357 
1302 0 -115.486 -76.8902 3.93001 -0.0133054 3.92999 4.07388 -0.0664279 4.07334 
1302 0 -115.394 -77.0134 3.93001 -0.0131506 3.92999 4.07388 -0.0662675 4.07334 
1303 0 -115.301 -77.1367 4 -0.023418 3.99993 4.13852 -0.0757174 4.13783 
1304 0 -115.208 -77.2603 4.07001 -0.0336168 4.06987 4.43913 -0.12009 4.43751 
1304 0 -115.146 -77.3428 4.07001 -0.0334819 4.06987 4.43913 -0.119943 4.43751 
1305 0 -115.022 -77.5081 4.08044 0.036645 4.08028 4.43109 -0.0582497 4.4307 
1305 0 -114.96 -77.5909 4.08044 0.0367649 4.08028 4.43109 -0.0581195 4.43071 
1306 0 -114.835 -77.7568 3.81824 0.0437342 3.81799 4.19448 -0.0517922 4.19416 
1306 0 -114.773 -77.8398 3.81824 0.0437634 3.81799 4.19448 -0.0517601 4.19416 
1307 0 -114.648 -78.0061 4.01571 -0.0108089 4.0157 4.24143 -0.0771107 4.24073 
1308 0 -114.554 -78.1311 3.53961 -0.0420497 3.53936 3.87251 -0.13172 3.87027 
1308 0 -114.46 -78.2562 3.53961 -0.0418939 3.53937 3.87251 -0.13155 3.87027 
1309 0 -114.46 -78.2562 3.67006 -0.0637906 3.66951 3.99513 -0.151597 3.99225 
1309 0 -114.429 -78.2979 3.67006 -0.0637754 3.66951 3.99513 -0.15158 3.99225 
1310 0 -114.276 -78.507 3.72438 0.0613526 3.72387 4.04083 -0.0425712 4.04061 
1310 0 -114.213 -78.5905 3.72438 0.0613247 3.72387 4.04083 -0.0426014 4.04061 
1311 0 -114.087 -78.7577 3.78264 0.0814883 3.78176 4.08721 -0.0256588 4.08713 
1312 0 -113.962 -78.9249 3.63475 -0.101124 3.63335 3.80464 -0.379072 3.78571 
1312 0 -113.867 -79.0504 3.63475 -0.10088 3.63335 3.80464 -0.378817 3.78573 
1313 0 -113.773 -79.1758 3.40185 0.00165037 3.40185 3.57987 -0.286047 3.56843 
1313 0 -113.679 -79.3011 3.40185 0.00186267 3.40185 3.57987 -0.285825 3.56844 
1314 0 -113.585 -79.4262 3.35129 -0.13302 3.34865 3.53913 -0.409688 3.51534 
1314 0 -113.491 -79.5513 3.35129 -0.132875 3.34866 3.53913 -0.409536 3.51536 
1315 0 -113.428 -79.6345 3.16246 -0.185473 3.15701 3.37879 -0.456195 3.34785 
1315 0 -113.334 -79.7593 3.16246 -0.185376 3.15702 3.37879 -0.456092 3.34786 
1316 0 -113.24 -79.884 3.35963 -0.0982116 3.3582 3.53694 -0.383059 3.51613 
1317 0 -113.115 -80.0502 3.16538 -0.120505 3.16309 3.5397 -0.382519 3.51897 
1317 0 -113.084 -80.0917 3.16538 -0.120416 3.16309 3.5397 -0.38242 3.51898 
1318 0 -112.959 -80.2577 3.36278 -0.0197474 3.36272 3.62799 -0.221268 3.62124 
1318 0 -112.896 -80.3406 3.36278 -0.0196123 3.36272 3.62799 -0.221122 3.62125 
1319 0 -112.772 -80.5064 3.21014 -0.0455515 3.20982 3.48726 -0.248961 3.47836 
1319 0 -112.678 -80.6307 3.21014 -0.0453039 3.20982 3.48726 -0.248693 3.47838 
1320 0 -112.585 -80.7549 3.23564 -0.181625 3.23054 3.51415 -0.367208 3.49491 
1320 0 -112.492 -80.8791 3.23564 -0.181422 3.23055 3.51415 -0.366989 3.49493 
1321 0 -112.398 -81.0032 2.86007 0.00683221 2.86006 3.18355 -0.199129 3.17732 
1322 0 -112.274 -81.1686 3.14006 -0.0343332 3.13988 3.76274 -0.283783 3.75203 
1322 0 -112.212 -81.2512 3.14006 -0.0343501 3.13988 3.76274 -0.283803 3.75203 
1323 0 -112.119 -81.375 2.93002 -0.00338867 2.93002 3.32891 -0.220304 3.32161 
1323 0 -112.026 -81.4987 2.93002 -0.00334537 2.93002 3.32891 -0.220255 3.32161 
1324 0 -111.964 -81.5811 2.9489 -0.106985 2.94696 3.36711 -0.312467 3.35258 
1324 0 -111.839 -81.7457 2.9489 -0.106969 2.94696 3.36711 -0.312449 3.35258 
1325 0 -111.715 -81.9102 3.07002 -0.0238818 3.06992 3.46889 -0.239434 3.46062 
1326 0 -111.653 -81.9924 2.8414 -0.0318956 2.84122 3.34591 -0.320982 3.33047 
1326 0 -111.622 -82.0335 2.8414 -0.0318452 2.84123 3.34591 -0.320923 3.33048 
1327 0 -111.437 -82.2796 2.75099 -0.00534427 2.75098 3.17146 -0.270903 3.15987 
1327 0 -111.344 -82.4024 2.75099 -0.00536159 2.75098 3.17146 -0.270923 3.15987 
1328 0 -111.344 -82.4024 2.70952 0.00331645 2.70952 3.12275 -0.263002 3.11166 
1328 0 -111.313 -82.4433 2.70952 0.00330612 2.70952 3.12275 -0.263014 3.11166 
1329 0 -111.224 -82.5614 2.58588 -0.130543 2.58258 3.02505 -0.379548 3.00115 
1329 0 -111.071 -82.7652 2.58588 -0.130604 2.58257 3.02505 -0.379619 3.00114 
1330 0 -111.009 -82.8466 2.45362 -0.15962 2.44843 2.91206 -0.404765 2.88379 
1331 0 -110.886 -83.009 2.46096 0.00767264 2.46094 2.93376 -0.0799876 2.93267 
1331 0 -110.794 -83.1306 2.46096 0.00775919 2.46094 2.93376 -0.0798845 2.93268 
1332 0 -110.703 -83.252 2.55206 -0.147876 2.54777 3.02218 -0.222251 3.014 
1332 0 -110.581 -83.4135 2.55206 -0.147633 2.54779 3.02218 -0.221963 3.01402 
1333 0 -110.52 -83.4942 2.55599 -0.0544476 2.55541 3.02304 -0.136376 3.01996 
1333 0 -110.399 -83.6552 2.55599 -0.0541518 2.55542 3.02304 -0.136027 3.01998 
1334 0 -110.308 -83.7757 2.5807 0.0495412 2.58022 3.04665 -0.0422327 3.04636 
